2.201999999999999957e+01 7.533140000000000391e-01 1.599169999999999980e+00
2.205999999999999872e+01 6.094810000000000505e-01 1.478650000000000020e+00
2.210000000000000142e+01 4.713800000000000212e-01 1.366929999999999978e+00
2.214000000000000057e+01 3.498220000000000218e-01 1.312249999999999917e+00
2.217999999999999972e+01 3.848340000000000094e-01 1.311490000000000045e+00
2.221999999999999886e+01 4.320370000000000044e-01 1.324689999999999923e+00
2.226000000000000156e+01 4.940640000000000032e-01 1.445380000000000109e+00
2.230000000000000071e+01 3.587890000000000246e-01 1.254340000000000011e+00
2.230000000000000071e+01 2.172860000000000069e-01 1.135359999999999925e+00
2.233999999999999986e+01 2.121069999999999900e-01 1.068950000000000067e+00
2.237999999999999901e+01 1.633139999999999870e-01 1.145990000000000064e+00
2.242000000000000171e+01 -2.804320000000000077e-02 9.419290000000000163e-01
2.246000000000000085e+01 -4.605130000000000334e-02 9.091890000000000249e-01
2.250000000000000000e+01 -1.595910000000000106e-01 7.828119999999999523e-01
2.250000000000000000e+01 -1.334660000000000013e-01 8.596799999999999997e-01
2.253999999999999915e+01 -2.083250000000000102e-01 7.656380000000000408e-01
2.257999999999999829e+01 -2.206359999999999988e-01 7.115540000000000198e-01
2.262000000000000099e+01 -2.642849999999999921e-01 6.304020000000000179e-01
2.266000000000000014e+01 -3.154330000000000189e-01 7.062420000000000364e-01
2.269999999999999929e+01 -3.174589999999999912e-01 7.351100000000000412e-01
2.269999999999999929e+01 -3.546059999999999768e-01 6.139510000000000245e-01
2.273999999999999844e+01 -3.573950000000000182e-01 6.728659999999999641e-01
2.278000000000000114e+01 -3.668429999999999747e-01 6.373860000000000081e-01
2.282000000000000028e+01 -4.489119999999999777e-01 4.291139999999999954e-01
2.285999999999999943e+01 -4.560989999999999767e-01 4.676060000000000216e-01
2.289999999999999858e+01 -4.541879999999999806e-01 4.541660000000000141e-01
2.289999999999999858e+01 -4.059849999999999848e-01 5.958560000000000523e-01
2.294000000000000128e+01 -4.589610000000000078e-01 4.497559999999999891e-01
2.298000000000000043e+01 -4.829559999999999964e-01 4.127430000000000265e-01
2.301999999999999957e+01 -5.054579999999999629e-01 2.721850000000000103e-01
2.305999999999999872e+01 -4.619429999999999925e-01 4.386689999999999756e-01
2.310000000000000142e+01 -4.683200000000000141e-01 3.968499999999999805e-01
2.310000000000000142e+01 -4.676770000000000094e-01 4.245709999999999762e-01
2.314000000000000057e+01 -4.729860000000000175e-01 3.508999999999999897e-01
2.317999999999999972e+01 -5.001480000000000370e-01 2.647999999999999798e-01
2.321999999999999886e+01 -4.600299999999999945e-01 2.801250000000000129e-01
2.326000000000000156e+01 -4.626270000000000104e-01 2.346499999999999975e-01
2.330000000000000071e+01 -4.656179999999999763e-01 1.898279999999999967e-01
2.330000000000000071e+01 -4.601350000000000162e-01 2.199470000000000036e-01
2.333999999999999986e+01 -4.577510000000000190e-01 1.874850000000000128e-01
2.337999999999999901e+01 -4.622939999999999827e-01 1.329019999999999924e-01
2.342000000000000171e+01 -4.644739999999999980e-01 9.616950000000000498e-02
2.346000000000000085e+01 -4.555060000000000220e-01 8.185660000000000158e-02
2.350000000000000000e+01 -4.334720000000000240e-01 1.032760000000000067e-01
2.350000000000000000e+01 -4.438570000000000015e-01 9.639580000000000370e-02
2.353999999999999915e+01 -4.383460000000000134e-01 7.009289999999999965e-02
2.357999999999999829e+01 -4.250680000000000014e-01 7.165499999999999647e-02
2.362000000000000099e+01 -4.161050000000000026e-01 6.607899999999999885e-02
2.366000000000000014e+01 -4.045400000000000107e-01 6.474920000000000675e-02
2.369999999999999929e+01 -3.969779999999999975e-01 5.806010000000000337e-02
2.369999999999999929e+01 -3.988519999999999843e-01 6.288710000000000133e-02
2.373999999999999844e+01 -3.882470000000000088e-01 5.803830000000000100e-02
2.378000000000000114e+01 -3.786619999999999986e-01 5.518760000000000332e-02
2.382000000000000028e+01 -3.657960000000000100e-01 5.341579999999999939e-02
2.385999999999999943e+01 -3.590329999999999910e-01 4.998289999999999678e-02
2.389999999999999858e+01 -3.514660000000000006e-01 5.019359999999999794e-02
2.389999999999999858e+01 -3.476679999999999771e-01 5.122410000000000158e-02
2.394000000000000128e+01 -3.367240000000000233e-01 4.849749999999999894e-02
2.398000000000000043e+01 -3.342160000000000131e-01 4.823609999999999703e-02
2.410000000000000142e+01 -3.053620000000000223e-01 4.577590000000000131e-02
2.430000000000000071e+01 -2.674739999999999895e-01 3.956300000000000094e-02
2.450000000000000000e+01 -2.328310000000000102e-01 3.349710000000000187e-02
2.469999999999999929e+01 -2.040309999999999901e-01 2.936199999999999921e-02
2.489999999999999858e+01 -1.788639999999999952e-01 2.401769999999999947e-02
2.510000000000000142e+01 -1.560320000000000040e-01 1.853130000000000055e-02
2.530000000000000071e+01 -1.386129999999999862e-01 1.625760000000000052e-02
2.550000000000000000e+01 -1.225090000000000068e-01 1.387999999999999998e-02
2.569999999999999929e+01 -1.090170000000000028e-01 1.189660000000000023e-02
2.589999999999999858e+01 -9.694460000000000577e-02 9.771790000000000684e-03
2.610000000000000142e+01 -8.761990000000000056e-02 8.694149999999999448e-03
2.630000000000000071e+01 -7.744149999999999645e-02 7.348529999999999819e-03
2.650000000000000000e+01 -6.983730000000000493e-02 5.879770000000000309e-03
2.669999999999999929e+01 -6.311500000000000443e-02 5.250310000000000220e-03
2.689999999999999858e+01 -5.722619999999999790e-02 4.533490000000000263e-03
2.710000000000000142e+01 -5.189830000000000138e-02 3.744400000000000159e-03
2.730000000000000071e+01 -4.707879999999999704e-02 3.514179999999999995e-03
2.750000000000000000e+01 -4.278330000000000327e-02 3.071169999999999803e-03
2.769999999999999929e+01 -3.883459999999999690e-02 2.746170000000000035e-03
2.789999999999999858e+01 -3.569130000000000219e-02 2.316809999999999876e-03
2.810000000000000142e+01 -3.275490000000000346e-02 2.096890000000000125e-03
2.830000000000000071e+01 -2.979769999999999988e-02 1.837810000000000051e-03
2.850000000000000000e+01 -2.754590000000000163e-02 1.605840000000000089e-03
2.869999999999999929e+01 -2.547200000000000158e-02 1.474749999999999932e-03
2.889999999999999858e+01 -2.341319999999999860e-02 1.313069999999999949e-03
2.910000000000000142e+01 -2.164519999999999986e-02 1.173540000000000043e-03
2.930000000000000071e+01 -2.001800000000000107e-02 1.090379999999999952e-03
2.950000000000000000e+01 -1.855350000000000055e-02 9.503439999999999934e-04
2.969999999999999929e+01 -1.724919999999999926e-02 8.379200000000000276e-04
2.989999999999999858e+01 -1.592810000000000059e-02 8.345680000000000502e-04
