5.202000000000000313e+01 1.730460000000000054e-01 1.566140000000000088e+00
5.206000000000000227e+01 1.105219999999999952e-01 1.559430000000000094e+00
5.210000000000000142e+01 6.954249999999999321e-02 1.367709999999999981e+00
5.214000000000000057e+01 -1.478859999999999897e-01 1.173340000000000050e+00
5.217999999999999972e+01 -2.035960000000000070e-04 1.272059999999999969e+00
5.221999999999999886e+01 -1.492030000000000023e-01 1.276289999999999925e+00
5.225999999999999801e+01 -1.438359999999999916e-01 1.206749999999999989e+00
5.229999999999999716e+01 -8.561929999999999541e-02 1.343369999999999953e+00
5.234000000000000341e+01 -6.169870000000000215e-02 1.337099999999999955e+00
5.238000000000000256e+01 -9.269360000000000099e-02 1.300380000000000091e+00
5.242000000000000171e+01 -1.822310000000000041e-01 1.243339999999999890e+00
5.246000000000000085e+01 -1.346999999999999864e-01 1.206930000000000058e+00
5.250000000000000000e+01 -1.935620000000000118e-01 1.115099999999999980e+00
5.253999999999999915e+01 -2.556329999999999991e-01 1.062880000000000047e+00
5.257999999999999829e+01 -2.411449999999999982e-01 1.232089999999999907e+00
5.261999999999999744e+01 -2.432090000000000085e-01 1.163229999999999986e+00
5.265999999999999659e+01 -2.970949999999999980e-01 1.051770000000000094e+00
5.270000000000000284e+01 -3.046459999999999724e-01 1.026310000000000056e+00
5.274000000000000199e+01 -3.023500000000000076e-01 9.682560000000000056e-01
5.278000000000000114e+01 -3.977939999999999809e-01 8.203859999999999486e-01
5.282000000000000028e+01 -4.210949999999999971e-01 7.246920000000000028e-01
5.285999999999999943e+01 -4.016529999999999823e-01 7.847899999999999876e-01
5.289999999999999858e+01 -4.911869999999999847e-01 6.484360000000000124e-01
5.293999999999999773e+01 -4.480520000000000058e-01 6.336699999999999555e-01
5.297999999999999687e+01 -5.615769999999999929e-01 4.105539999999999745e-01
5.302000000000000313e+01 -5.473609999999999864e-01 4.132870000000000155e-01
5.306000000000000227e+01 -5.323029999999999706e-01 4.361070000000000224e-01
5.310000000000000142e+01 -5.476410000000000444e-01 3.305270000000000152e-01
5.314000000000000057e+01 -5.662000000000000366e-01 2.932629999999999959e-01
5.317999999999999972e+01 -5.617510000000000003e-01 2.627669999999999728e-01
5.321999999999999886e+01 -5.832559999999999967e-01 1.959589999999999943e-01
5.325999999999999801e+01 -5.778010000000000090e-01 1.950240000000000029e-01
5.329999999999999716e+01 -5.713160000000000460e-01 1.375979999999999981e-01
5.334000000000000341e+01 -5.739919999999999467e-01 1.286680000000000046e-01
5.338000000000000256e+01 -5.605050000000000310e-01 1.245669999999999972e-01
5.342000000000000171e+01 -5.533829999999999583e-01 1.126500000000000001e-01
5.346000000000000085e+01 -5.531319999999999570e-01 1.039599999999999969e-01
5.350000000000000000e+01 -5.345699999999999896e-01 9.937010000000000287e-02
5.353999999999999915e+01 -5.253809999999999869e-01 9.762529999999999819e-02
5.357999999999999829e+01 -5.114969999999999795e-01 9.258560000000000401e-02
5.361999999999999744e+01 -5.110620000000000163e-01 8.641469999999999707e-02
5.365999999999999659e+01 -4.957779999999999965e-01 8.787029999999999841e-02
5.370000000000000284e+01 -4.863410000000000233e-01 8.487820000000000087e-02
5.374000000000000199e+01 -4.751630000000000020e-01 8.600549999999999862e-02
5.378000000000000114e+01 -4.723680000000000101e-01 7.996409999999999629e-02
5.382000000000000028e+01 -4.516870000000000052e-01 7.790529999999999677e-02
5.385999999999999943e+01 -4.452949999999999964e-01 7.858650000000000357e-02
5.389999999999999858e+01 -4.260999999999999788e-01 7.626629999999999521e-02
5.393999999999999773e+01 -4.207500000000000129e-01 7.732909999999999784e-02
5.397999999999999687e+01 -4.109689999999999732e-01 7.130390000000000339e-02
5.410000000000000142e+01 -3.804029999999999911e-01 6.771430000000000504e-02
5.429999999999999716e+01 -3.365639999999999743e-01 6.032379999999999687e-02
5.450000000000000000e+01 -2.950940000000000230e-01 5.041289999999999660e-02
5.470000000000000284e+01 -2.626140000000000141e-01 4.311190000000000161e-02
5.489999999999999858e+01 -2.277530000000000110e-01 3.475369999999999848e-02
5.510000000000000142e+01 -2.024179999999999868e-01 2.992509999999999962e-02
5.529999999999999716e+01 -1.817799999999999971e-01 2.562209999999999835e-02
5.550000000000000000e+01 -1.611799999999999899e-01 2.181759999999999949e-02
5.570000000000000284e+01 -1.440970000000000029e-01 1.894049999999999900e-02
5.589999999999999858e+01 -1.293219999999999925e-01 1.462980000000000010e-02
5.610000000000000142e+01 -1.150909999999999989e-01 1.293930000000000080e-02
5.629999999999999716e+01 -1.049329999999999985e-01 1.148129999999999984e-02
5.650000000000000000e+01 -9.492309999999999637e-02 9.917350000000000124e-03
5.670000000000000284e+01 -8.594999999999999862e-02 8.205580000000000512e-03
5.689999999999999858e+01 -7.821279999999999899e-02 7.083700000000000066e-03
5.710000000000000142e+01 -7.130430000000000101e-02 6.066629999999999939e-03
5.729999999999999716e+01 -6.548740000000000117e-02 5.622059999999999905e-03
5.750000000000000000e+01 -5.975670000000000287e-02 4.804349999999999767e-03
5.770000000000000284e+01 -5.477180000000000243e-02 4.152239999999999751e-03
5.789999999999999858e+01 -5.058760000000000340e-02 3.638540000000000003e-03
5.810000000000000142e+01 -4.668649999999999883e-02 3.303490000000000072e-03
5.829999999999999716e+01 -4.317279999999999729e-02 2.898879999999999946e-03
5.850000000000000000e+01 -3.972950000000000093e-02 2.440639999999999997e-03
5.870000000000000284e+01 -3.684470000000000106e-02 2.379469999999999849e-03
5.889999999999999858e+01 -3.427499999999999991e-02 1.997989999999999836e-03
5.910000000000000142e+01 -3.208389999999999853e-02 1.826570000000000017e-03
5.929999999999999716e+01 -2.963829999999999937e-02 1.572629999999999991e-03
5.950000000000000000e+01 -2.780720000000000067e-02 1.576850000000000083e-03
5.970000000000000284e+01 -2.588450000000000126e-02 1.282130000000000032e-03
5.989999999999999858e+01 -2.419200000000000170e-02 1.172759999999999905e-03
