8.201999999999999602e+01 3.210089999999999888e-01 1.833250000000000046e+00
8.206000000000000227e+01 3.301399999999999890e-01 1.727579999999999893e+00
8.209999999999999432e+01 3.667579999999999729e-01 1.863050000000000095e+00
8.214000000000000057e+01 4.686239999999999850e-01 1.965549999999999908e+00
8.218000000000000682e+01 2.322369999999999990e-01 1.661410000000000053e+00
8.221999999999999886e+01 1.610370000000000135e-01 1.528999999999999915e+00
8.226000000000000512e+01 1.809929999999999872e-01 1.512909999999999977e+00
8.229999999999999716e+01 1.234029999999999988e-01 1.456639999999999935e+00
8.229999999999999716e+01 1.967339999999999922e-01 1.489130000000000065e+00
8.234000000000000341e+01 2.174580000000000124e-01 1.466159999999999908e+00
8.237999999999999545e+01 1.392720000000000069e-01 1.369089999999999918e+00
8.242000000000000171e+01 8.819839999999999625e-02 1.357269999999999976e+00
8.245999999999999375e+01 5.458460000000000048e-03 1.237659999999999982e+00
8.250000000000000000e+01 -5.050780000000000373e-03 1.187279999999999891e+00
8.250000000000000000e+01 -7.407260000000000233e-02 1.204380000000000006e+00
8.254000000000000625e+01 -1.314079999999999970e-01 1.121220000000000105e+00
8.257999999999999829e+01 -1.801699999999999968e-01 1.028000000000000025e+00
8.262000000000000455e+01 -2.385899999999999965e-01 9.965239999999999654e-01
8.265999999999999659e+01 -2.035200000000000065e-01 9.994629999999999903e-01
8.270000000000000284e+01 -3.242280000000000162e-01 9.105100000000000415e-01
8.270000000000000284e+01 -2.905849999999999822e-01 8.797390000000000487e-01
8.273999999999999488e+01 -3.509610000000000229e-01 7.804010000000000113e-01
8.278000000000000114e+01 -3.496540000000000203e-01 7.934400000000000341e-01
8.281999999999999318e+01 -4.159570000000000212e-01 7.393619999999999637e-01
8.285999999999999943e+01 -4.477189999999999781e-01 6.405480000000000063e-01
8.290000000000000568e+01 -4.309410000000000185e-01 6.764130000000000420e-01
8.290000000000000568e+01 -5.035279999999999756e-01 5.561160000000000547e-01
8.293999999999999773e+01 -5.659419999999999451e-01 4.631790000000000074e-01
8.298000000000000398e+01 -5.180599999999999650e-01 5.315029999999999477e-01
8.301999999999999602e+01 -5.597050000000000081e-01 4.693760000000000154e-01
8.306000000000000227e+01 -5.711289999999999978e-01 3.564189999999999858e-01
8.309999999999999432e+01 -5.609300000000000397e-01 4.269620000000000082e-01
8.309999999999999432e+01 -6.047590000000000465e-01 2.853849999999999998e-01
8.314000000000000057e+01 -5.847109999999999808e-01 2.858809999999999962e-01
8.318000000000000682e+01 -5.793909999999999894e-01 2.796899999999999942e-01
8.321999999999999886e+01 -6.003469999999999640e-01 2.227480000000000016e-01
8.326000000000000512e+01 -6.061940000000000106e-01 1.676499999999999935e-01
8.329999999999999716e+01 -5.922079999999999567e-01 1.740559999999999885e-01
8.329999999999999716e+01 -5.917320000000000357e-01 1.891170000000000073e-01
8.334000000000000341e+01 -5.801699999999999635e-01 1.588529999999999942e-01
8.337999999999999545e+01 -5.909950000000000481e-01 1.321370000000000045e-01
8.342000000000000171e+01 -5.687670000000000226e-01 1.309269999999999878e-01
8.345999999999999375e+01 -5.637389999999999901e-01 1.110649999999999971e-01
8.350000000000000000e+01 -5.619239999999999791e-01 1.053540000000000032e-01
8.350000000000000000e+01 -5.614930000000000199e-01 1.120020000000000043e-01
8.354000000000000625e+01 -5.502050000000000551e-01 1.051809999999999967e-01
8.357999999999999829e+01 -5.407140000000000279e-01 9.822430000000000050e-02
8.362000000000000455e+01 -5.283099999999999463e-01 9.725509999999999711e-02
8.365999999999999659e+01 -5.234020000000000339e-01 9.461369999999999503e-02
8.370000000000000284e+01 -5.092160000000000020e-01 8.791240000000000165e-02
8.370000000000000284e+01 -5.061299999999999688e-01 8.903179999999999428e-02
8.373999999999999488e+01 -4.980600000000000027e-01 9.028170000000000639e-02
8.378000000000000114e+01 -4.837389999999999746e-01 8.461449999999999527e-02
8.381999999999999318e+01 -4.788669999999999871e-01 8.270429999999999449e-02
8.385999999999999943e+01 -4.652950000000000141e-01 8.274209999999999898e-02
8.390000000000000568e+01 -4.472809999999999842e-01 7.956910000000000371e-02
8.390000000000000568e+01 -4.506890000000000063e-01 7.972490000000000132e-02
8.393999999999999773e+01 -4.376800000000000135e-01 7.615280000000000660e-02
8.398000000000000398e+01 -4.279109999999999858e-01 7.392819999999999947e-02
8.409999999999999432e+01 -3.989420000000000188e-01 6.842209999999999959e-02
8.429999999999999716e+01 -3.517170000000000019e-01 5.968770000000000325e-02
8.450000000000000000e+01 -3.090359999999999774e-01 5.226859999999999840e-02
8.470000000000000284e+01 -2.710239999999999871e-01 4.451780000000000320e-02
8.490000000000000568e+01 -2.417350000000000054e-01 3.571099999999999969e-02
8.509999999999999432e+01 -2.148789999999999867e-01 3.231490000000000057e-02
8.529999999999999716e+01 -1.876379999999999992e-01 2.576900000000000024e-02
8.550000000000000000e+01 -1.689140000000000086e-01 2.298180000000000014e-02
8.570000000000000284e+01 -1.515630000000000033e-01 1.895660000000000053e-02
8.590000000000000568e+01 -1.363620000000000110e-01 1.587500000000000022e-02
8.609999999999999432e+01 -1.226909999999999945e-01 1.315880000000000001e-02
8.629999999999999716e+01 -1.100180000000000047e-01 1.193280000000000035e-02
8.650000000000000000e+01 -1.023700000000000027e-01 1.040680000000000077e-02
8.670000000000000284e+01 -9.128039999999999765e-02 8.983019999999999547e-03
8.690000000000000568e+01 -8.349629999999999552e-02 8.016000000000000555e-03
8.709999999999999432e+01 -7.696010000000000351e-02 6.965029999999999659e-03
8.729999999999999716e+01 -7.027579999999999938e-02 5.867950000000000249e-03
8.750000000000000000e+01 -6.434940000000000104e-02 5.200240000000000071e-03
8.770000000000000284e+01 -5.921110000000000262e-02 4.747569999999999568e-03
8.790000000000000568e+01 -5.447520000000000140e-02 4.207680000000000101e-03
8.809999999999999432e+01 -5.056080000000000296e-02 3.615029999999999979e-03
8.829999999999999716e+01 -4.686309999999999781e-02 3.184139999999999800e-03
8.850000000000000000e+01 -4.315200000000000286e-02 2.939000000000000206e-03
8.870000000000000284e+01 -4.045460000000000028e-02 2.611979999999999857e-03
8.890000000000000568e+01 -3.737519999999999731e-02 2.379669999999999962e-03
8.909999999999999432e+01 -3.480119999999999741e-02 2.118749999999999974e-03
8.929999999999999716e+01 -3.267400000000000165e-02 1.983980000000000205e-03
8.950000000000000000e+01 -3.046659999999999993e-02 1.721290000000000103e-03
8.970000000000000284e+01 -2.842959999999999932e-02 1.439699999999999921e-03
8.990000000000000568e+01 -2.677500000000000019e-02 1.500990000000000006e-03
