1.020199999999999960e+02 4.172759999999999803e-01 2.078050000000000175e+00
1.020600000000000023e+02 3.250810000000000088e-01 2.019760000000000222e+00
1.020999999999999943e+02 1.897260000000000058e-01 2.001619999999999955e+00
1.020999999999999943e+02 1.981829999999999981e-01 2.000900000000000123e+00
1.021400000000000006e+02 9.892130000000000367e-02 1.966390000000000082e+00
1.021800000000000068e+02 1.996779999999999944e-01 2.155349999999999877e+00
1.022199999999999989e+02 -6.753099999999999728e-03 1.846430000000000016e+00
1.022600000000000051e+02 -2.068230000000000068e-01 1.618530000000000024e+00
1.022999999999999972e+02 -1.428389999999999938e-01 1.795940000000000092e+00
1.022999999999999972e+02 -1.682579999999999909e-01 1.745589999999999975e+00
1.023400000000000034e+02 -3.172519999999999785e-01 1.543500000000000094e+00
1.023799999999999955e+02 -1.581809999999999883e-01 1.691249999999999920e+00
1.024200000000000017e+02 -2.068879999999999886e-01 1.644339999999999913e+00
1.024599999999999937e+02 -1.801860000000000128e-01 1.689310000000000089e+00
1.025000000000000000e+02 -4.035920000000000063e-01 1.438450000000000006e+00
1.025000000000000000e+02 -4.087569999999999815e-01 1.495009999999999950e+00
1.025400000000000063e+02 -4.054650000000000198e-01 1.392579999999999929e+00
1.025799999999999983e+02 -3.892430000000000057e-01 1.521640000000000104e+00
1.026200000000000045e+02 -4.384930000000000216e-01 1.393880000000000008e+00
1.026599999999999966e+02 -4.908770000000000078e-01 1.379459999999999908e+00
1.027000000000000028e+02 -5.739929999999999755e-01 1.188979999999999926e+00
1.027000000000000028e+02 -5.577499999999999680e-01 1.328170000000000073e+00
1.027399999999999949e+02 -5.854080000000000394e-01 1.148740000000000094e+00
1.027800000000000011e+02 -7.031650000000000400e-01 8.824419999999999487e-01
1.028199999999999932e+02 -6.784259999999999735e-01 9.905030000000000223e-01
1.028599999999999994e+02 -6.877699999999999925e-01 9.402589999999999559e-01
1.029000000000000057e+02 -7.487500000000000266e-01 7.468740000000000379e-01
1.029000000000000057e+02 -7.740259999999999918e-01 6.557190000000000518e-01
1.029399999999999977e+02 -8.142129999999999646e-01 5.857799999999999674e-01
1.029800000000000040e+02 -8.165459999999999940e-01 5.715970000000000217e-01
1.030199999999999960e+02 -8.473289999999999988e-01 4.434170000000000056e-01
1.030600000000000023e+02 -8.687310000000000310e-01 3.643589999999999884e-01
1.030999999999999943e+02 -8.299429999999999863e-01 3.691869999999999874e-01
1.030999999999999943e+02 -8.485359999999999570e-01 3.648850000000000149e-01
1.031400000000000006e+02 -8.403669999999999751e-01 3.461659999999999737e-01
1.031800000000000068e+02 -8.436139999999999750e-01 2.732499999999999929e-01
1.032199999999999989e+02 -8.564650000000000318e-01 2.329539999999999944e-01
1.032600000000000051e+02 -8.440609999999999502e-01 2.204520000000000091e-01
1.032999999999999972e+02 -8.341060000000000141e-01 1.714610000000000023e-01
1.032999999999999972e+02 -8.422950000000000159e-01 1.828859999999999930e-01
1.033400000000000034e+02 -8.190250000000000030e-01 1.691969999999999863e-01
1.033799999999999955e+02 -8.193610000000000060e-01 1.521399999999999975e-01
1.034200000000000017e+02 -7.932120000000000282e-01 1.501230000000000064e-01
1.034599999999999937e+02 -7.804410000000000514e-01 1.414279999999999982e-01
1.035000000000000000e+02 -7.616129999999999844e-01 1.386070000000000080e-01
1.035000000000000000e+02 -7.688779999999999504e-01 1.416719999999999924e-01
1.035400000000000063e+02 -7.544140000000000290e-01 1.313449999999999895e-01
1.035799999999999983e+02 -7.414560000000000040e-01 1.273249999999999937e-01
1.036200000000000045e+02 -7.164679999999999938e-01 1.243979999999999947e-01
1.036599999999999966e+02 -7.085789999999999589e-01 1.176470000000000016e-01
1.037000000000000028e+02 -7.001169999999999893e-01 1.205429999999999974e-01
1.037000000000000028e+02 -6.846689999999999721e-01 1.215760000000000035e-01
1.037399999999999949e+02 -6.673869999999999525e-01 1.153649999999999953e-01
1.037800000000000011e+02 -6.562470000000000248e-01 1.177850000000000008e-01
1.038199999999999932e+02 -6.333259999999999446e-01 1.125349999999999961e-01
1.038599999999999994e+02 -6.156880000000000130e-01 1.060180000000000011e-01
1.039000000000000057e+02 -6.134690000000000420e-01 1.091030000000000055e-01
1.039000000000000057e+02 -6.037099999999999689e-01 1.044149999999999939e-01
1.039399999999999977e+02 -5.940809999999999702e-01 1.051939999999999958e-01
1.039800000000000040e+02 -5.754730000000000123e-01 1.011459999999999998e-01
1.040999999999999943e+02 -5.381169999999999565e-01 9.631230000000000346e-02
1.042999999999999972e+02 -4.720440000000000191e-01 7.793079999999999452e-02
1.045000000000000000e+02 -4.166480000000000183e-01 6.988600000000000367e-02
1.047000000000000028e+02 -3.645599999999999952e-01 5.612659999999999871e-02
1.049000000000000057e+02 -3.227439999999999753e-01 4.783079999999999971e-02
1.050999999999999943e+02 -2.878689999999999860e-01 4.151149999999999979e-02
1.052999999999999972e+02 -2.558929999999999816e-01 3.491240000000000315e-02
1.055000000000000000e+02 -2.285300000000000109e-01 2.995230000000000115e-02
1.057000000000000028e+02 -2.050929999999999975e-01 2.524229999999999877e-02
1.059000000000000057e+02 -1.859760000000000024e-01 2.126290000000000124e-02
1.060999999999999943e+02 -1.667289999999999883e-01 1.810290000000000163e-02
1.062999999999999972e+02 -1.508039999999999936e-01 1.671620000000000050e-02
1.065000000000000000e+02 -1.357980000000000020e-01 1.446210000000000030e-02
1.067000000000000028e+02 -1.244999999999999996e-01 1.167570000000000066e-02
1.069000000000000057e+02 -1.135099999999999998e-01 1.086009999999999927e-02
1.070999999999999943e+02 -1.032069999999999932e-01 9.294389999999999596e-03
1.072999999999999972e+02 -9.565529999999999866e-02 7.475449999999999803e-03
1.075000000000000000e+02 -8.740599999999999759e-02 6.597559999999999709e-03
1.077000000000000028e+02 -8.019179999999999364e-02 6.489390000000000262e-03
1.079000000000000057e+02 -7.397769999999999346e-02 5.533169999999999582e-03
1.080999999999999943e+02 -6.854810000000000070e-02 4.453399999999999720e-03
1.082999999999999972e+02 -6.354750000000000676e-02 4.195850000000000100e-03
1.085000000000000000e+02 -5.926469999999999655e-02 3.898400000000000216e-03
1.087000000000000028e+02 -5.481690000000000174e-02 3.550919999999999944e-03
1.089000000000000057e+02 -5.110270000000000090e-02 3.173969999999999916e-03
1.090999999999999943e+02 -4.767219999999999791e-02 2.757749999999999785e-03
1.092999999999999972e+02 -4.442190000000000027e-02 2.563370000000000145e-03
1.095000000000000000e+02 -4.140649999999999886e-02 2.410629999999999978e-03
1.097000000000000028e+02 -3.879989999999999828e-02 2.032069999999999970e-03
1.099000000000000057e+02 -3.658820000000000128e-02 1.807320000000000064e-03
