1.024200000000000017e+02 -2.068879999999999886e-01 1.644339999999999913e+00
1.025799999999999983e+02 -3.892430000000000057e-01 1.521640000000000104e+00
1.026599999999999966e+02 -4.908770000000000078e-01 1.379459999999999908e+00
1.027000000000000028e+02 -5.739929999999999755e-01 1.188979999999999926e+00
1.027399999999999949e+02 -5.854080000000000394e-01 1.148740000000000094e+00
1.028199999999999932e+02 -6.784259999999999735e-01 9.905030000000000223e-01
1.029000000000000057e+02 -7.740259999999999918e-01 6.557190000000000518e-01
1.029800000000000040e+02 -8.165459999999999940e-01 5.715970000000000217e-01
1.030600000000000023e+02 -8.687310000000000310e-01 3.643589999999999884e-01
1.030999999999999943e+02 -8.299429999999999863e-01 3.691869999999999874e-01
1.033799999999999955e+02 -8.193610000000000060e-01 1.521399999999999975e-01
1.034599999999999937e+02 -7.804410000000000514e-01 1.414279999999999982e-01
1.035000000000000000e+02 -7.688779999999999504e-01 1.416719999999999924e-01
1.035400000000000063e+02 -7.544140000000000290e-01 1.313449999999999895e-01
1.036200000000000045e+02 -7.164679999999999938e-01 1.243979999999999947e-01
1.037000000000000028e+02 -7.001169999999999893e-01 1.205429999999999974e-01
1.037800000000000011e+02 -6.562470000000000248e-01 1.177850000000000008e-01
1.038599999999999994e+02 -6.156880000000000130e-01 1.060180000000000011e-01
1.039000000000000057e+02 -6.134690000000000420e-01 1.091030000000000055e-01
1.039399999999999977e+02 -5.940809999999999702e-01 1.051939999999999958e-01
1.040999999999999943e+02 -5.381169999999999565e-01 9.631230000000000346e-02
1.042999999999999972e+02 -4.720440000000000191e-01 7.793079999999999452e-02
1.045000000000000000e+02 -4.166480000000000183e-01 6.988600000000000367e-02
1.047000000000000028e+02 -3.645599999999999952e-01 5.612659999999999871e-02
1.049000000000000057e+02 -3.227439999999999753e-01 4.783079999999999971e-02
1.050999999999999943e+02 -2.878689999999999860e-01 4.151149999999999979e-02
1.052999999999999972e+02 -2.558929999999999816e-01 3.491240000000000315e-02
1.055000000000000000e+02 -2.285300000000000109e-01 2.995230000000000115e-02
1.057000000000000028e+02 -2.050929999999999975e-01 2.524229999999999877e-02
1.059000000000000057e+02 -1.859760000000000024e-01 2.126290000000000124e-02
1.060999999999999943e+02 -1.667289999999999883e-01 1.810290000000000163e-02
1.062999999999999972e+02 -1.508039999999999936e-01 1.671620000000000050e-02
1.065000000000000000e+02 -1.357980000000000020e-01 1.446210000000000030e-02
1.067000000000000028e+02 -1.244999999999999996e-01 1.167570000000000066e-02
1.069000000000000057e+02 -1.135099999999999998e-01 1.086009999999999927e-02
1.070999999999999943e+02 -1.032069999999999932e-01 9.294389999999999596e-03
1.072999999999999972e+02 -9.565529999999999866e-02 7.475449999999999803e-03
1.075000000000000000e+02 -8.740599999999999759e-02 6.597559999999999709e-03
1.077000000000000028e+02 -8.019179999999999364e-02 6.489390000000000262e-03
1.079000000000000057e+02 -7.397769999999999346e-02 5.533169999999999582e-03
1.080999999999999943e+02 -6.854810000000000070e-02 4.453399999999999720e-03
1.082999999999999972e+02 -6.354750000000000676e-02 4.195850000000000100e-03
1.085000000000000000e+02 -5.926469999999999655e-02 3.898400000000000216e-03
1.087000000000000028e+02 -5.481690000000000174e-02 3.550919999999999944e-03
1.089000000000000057e+02 -5.110270000000000090e-02 3.173969999999999916e-03
1.090999999999999943e+02 -4.767219999999999791e-02 2.757749999999999785e-03
1.092999999999999972e+02 -4.442190000000000027e-02 2.563370000000000145e-03
1.095000000000000000e+02 -4.140649999999999886e-02 2.410629999999999978e-03
1.097000000000000028e+02 -3.879989999999999828e-02 2.032069999999999970e-03
1.099000000000000057e+02 -3.658820000000000128e-02 1.807320000000000064e-03
1.105000000000000000e+02 -3.084390000000000048e-02 2.384369999999999806e-03
1.115000000000000000e+02 -2.208670000000000078e-02 2.162680000000000158e-03
1.125000000000000000e+02 -1.672200000000000075e-02 1.196440000000000003e-03
1.135000000000000000e+02 -1.371559999999999967e-02 8.607489999999999543e-04
1.145000000000000000e+02 -1.093670000000000059e-02 6.785720000000000076e-04
1.155000000000000000e+02 -8.738020000000000856e-03 5.232050000000000025e-04
1.165000000000000000e+02 -7.060809999999999829e-03 2.598139999999999760e-04
1.175000000000000000e+02 -5.820259999999999843e-03 3.575159999999999970e-04
1.185000000000000000e+02 -4.979899999999999778e-03 2.934710000000000096e-04
1.195000000000000000e+02 -4.105700000000000321e-03 1.779390000000000051e-04
1.205000000000000000e+02 -3.424959999999999897e-03 2.096690000000000012e-04
1.215000000000000000e+02 -2.970940000000000039e-03 1.557100000000000118e-04
1.225000000000000000e+02 -2.577929999999999978e-03 1.092820000000000016e-04
1.235000000000000000e+02 -2.218309999999999813e-03 1.029040000000000027e-04
1.245000000000000000e+02 -1.950960000000000064e-03 6.568409999999999679e-05
1.255000000000000000e+02 -1.687120000000000069e-03 6.604309999999999792e-05
1.265000000000000000e+02 -1.462650000000000018e-03 3.169180000000000038e-05
1.275000000000000000e+02 -1.323629999999999902e-03 4.898590000000000138e-05
1.285000000000000000e+02 -1.183999999999999940e-03 4.104509999999999772e-05
1.295000000000000000e+02 -1.031779999999999937e-03 3.638829999999999853e-05
