2.250000000000000000e+01 -2.539870000000000183e-01 1.159629999999999939e+00
2.257999999999999829e+01 -3.713540000000000174e-01 1.097939999999999916e+00
2.266000000000000014e+01 -4.419589999999999907e-01 1.086419999999999941e+00
2.269999999999999929e+01 -4.861770000000000258e-01 9.736780000000000435e-01
2.273999999999999844e+01 -5.574519999999999476e-01 8.289480000000000182e-01
2.282000000000000028e+01 -5.752629999999999688e-01 7.805509999999999948e-01
2.289999999999999858e+01 -6.698079999999999590e-01 5.557469999999999910e-01
2.298000000000000043e+01 -6.405380000000000518e-01 6.718340000000000423e-01
2.305999999999999872e+01 -5.885489999999999888e-01 7.000920000000000476e-01
2.321999999999999886e+01 -6.535520000000000218e-01 2.983589999999999853e-01
2.337999999999999901e+01 -6.388439999999999674e-01 1.230740000000000028e-01
2.346000000000000085e+01 -6.018099999999999561e-01 1.383770000000000000e-01
2.350000000000000000e+01 -5.985719999999999930e-01 1.075160000000000005e-01
2.353999999999999915e+01 -5.822000000000000508e-01 1.013880000000000059e-01
2.362000000000000099e+01 -5.520749999999999824e-01 9.084040000000000170e-02
2.369999999999999929e+01 -5.316579999999999639e-01 8.152489999999999737e-02
2.378000000000000114e+01 -5.014990000000000281e-01 7.406429999999999958e-02
2.385999999999999943e+01 -4.792930000000000246e-01 6.964520000000000433e-02
2.389999999999999858e+01 -4.694400000000000239e-01 7.170680000000000109e-02
2.394000000000000128e+01 -4.511859999999999760e-01 6.597790000000000599e-02
2.410000000000000142e+01 -4.032609999999999806e-01 6.205719999999999986e-02
2.430000000000000071e+01 -3.544039999999999968e-01 5.359479999999999800e-02
2.450000000000000000e+01 -3.115850000000000009e-01 4.204940000000000067e-02
2.469999999999999929e+01 -2.701729999999999965e-01 3.784219999999999945e-02
2.489999999999999858e+01 -2.368929999999999925e-01 3.208289999999999753e-02
2.510000000000000142e+01 -2.093240000000000101e-01 2.539699999999999944e-02
2.530000000000000071e+01 -1.829810000000000048e-01 2.322590000000000071e-02
2.550000000000000000e+01 -1.623920000000000086e-01 1.867020000000000138e-02
2.569999999999999929e+01 -1.434999999999999887e-01 1.549279999999999928e-02
2.589999999999999858e+01 -1.285179999999999934e-01 1.257169999999999989e-02
2.610000000000000142e+01 -1.151480000000000004e-01 1.086879999999999964e-02
2.630000000000000071e+01 -1.028059999999999946e-01 9.190860000000000349e-03
2.650000000000000000e+01 -9.196039999999999770e-02 7.972929999999999601e-03
2.669999999999999929e+01 -8.348270000000000690e-02 7.361369999999999893e-03
2.689999999999999858e+01 -7.548970000000000680e-02 5.948489999999999854e-03
2.710000000000000142e+01 -6.811219999999999775e-02 5.335389999999999751e-03
2.730000000000000071e+01 -6.217059999999999947e-02 4.409689999999999964e-03
2.750000000000000000e+01 -5.635740000000000194e-02 3.851509999999999830e-03
2.769999999999999929e+01 -5.135139999999999844e-02 3.543109999999999923e-03
2.789999999999999858e+01 -4.711520000000000291e-02 3.159809999999999876e-03
2.810000000000000142e+01 -4.327000000000000290e-02 2.810210000000000052e-03
2.830000000000000071e+01 -3.956429999999999669e-02 2.371620000000000065e-03
2.850000000000000000e+01 -3.644349999999999673e-02 2.151790000000000213e-03
2.869999999999999929e+01 -3.351450000000000262e-02 1.926090000000000094e-03
2.889999999999999858e+01 -3.083670000000000161e-02 1.761420000000000086e-03
2.910000000000000142e+01 -2.870340000000000044e-02 1.488600000000000079e-03
2.930000000000000071e+01 -2.640409999999999979e-02 1.354960000000000105e-03
2.950000000000000000e+01 -2.444640000000000007e-02 1.237650000000000078e-03
2.969999999999999929e+01 -2.279370000000000007e-02 1.203049999999999996e-03
2.989999999999999858e+01 -2.112839999999999857e-02 1.071459999999999991e-03
