3.250000000000000000e+01 -3.090649999999999786e-01 1.346419999999999950e+00
3.257999999999999829e+01 -3.748460000000000125e-01 1.201140000000000096e+00
3.270000000000000284e+01 -5.749130000000000074e-01 9.247570000000000512e-01
3.289999999999999858e+01 -6.397909999999999986e-01 7.896109999999999518e-01
3.297999999999999687e+01 -7.128060000000000507e-01 5.883500000000000396e-01
3.306000000000000227e+01 -7.692729999999999846e-01 3.027190000000000158e-01
3.310000000000000142e+01 -7.396740000000000537e-01 2.940519999999999801e-01
3.321999999999999886e+01 -7.108079999999999954e-01 2.252989999999999993e-01
3.338000000000000256e+01 -7.023960000000000203e-01 1.651330000000000020e-01
3.346000000000000085e+01 -6.640089999999999604e-01 1.478919999999999957e-01
3.350000000000000000e+01 -6.531820000000000404e-01 1.480380000000000029e-01
3.353999999999999915e+01 -6.326429999999999554e-01 1.292270000000000085e-01
3.361999999999999744e+01 -5.979330000000000478e-01 1.300870000000000082e-01
3.370000000000000284e+01 -5.852669999999999817e-01 1.294510000000000105e-01
3.378000000000000114e+01 -5.515930000000000000e-01 1.239569999999999977e-01
3.385999999999999943e+01 -5.211270000000000069e-01 1.180159999999999959e-01
3.389999999999999858e+01 -5.138289999999999802e-01 1.099090000000000067e-01
3.393999999999999773e+01 -4.936510000000000065e-01 1.120759999999999951e-01
3.410000000000000142e+01 -4.504759999999999875e-01 9.623149999999999760e-02
3.429999999999999716e+01 -3.964570000000000038e-01 8.073990000000000333e-02
3.450000000000000000e+01 -3.400009999999999977e-01 6.425780000000000380e-02
3.470000000000000284e+01 -3.006809999999999761e-01 5.927770000000000261e-02
3.489999999999999858e+01 -2.661270000000000024e-01 5.110769999999999896e-02
3.510000000000000142e+01 -2.356679999999999886e-01 3.993019999999999903e-02
3.529999999999999716e+01 -2.070190000000000086e-01 3.539660000000000029e-02
3.550000000000000000e+01 -1.814749999999999974e-01 2.924970000000000001e-02
3.570000000000000284e+01 -1.665310000000000124e-01 2.496220000000000036e-02
3.589999999999999858e+01 -1.480779999999999874e-01 2.239210000000000159e-02
3.610000000000000142e+01 -1.304079999999999961e-01 1.804240000000000010e-02
3.629999999999999716e+01 -1.200350000000000028e-01 1.587639999999999885e-02
3.650000000000000000e+01 -1.079569999999999974e-01 1.382880000000000047e-02
3.670000000000000284e+01 -9.580690000000000039e-02 1.151879999999999918e-02
3.689999999999999858e+01 -8.801349999999999452e-02 1.042110000000000085e-02
3.710000000000000142e+01 -7.985290000000000443e-02 8.243580000000000352e-03
3.729999999999999716e+01 -7.241290000000000227e-02 7.904490000000000127e-03
3.750000000000000000e+01 -6.638829999999999731e-02 6.613209999999999575e-03
3.770000000000000284e+01 -6.130859999999999782e-02 6.582209999999999797e-03
3.789999999999999858e+01 -5.573399999999999882e-02 5.191209999999999922e-03
3.810000000000000142e+01 -5.154550000000000104e-02 4.584849999999999690e-03
3.829999999999999716e+01 -4.734329999999999788e-02 3.993769999999999785e-03
3.850000000000000000e+01 -4.375219999999999804e-02 3.623279999999999990e-03
3.870000000000000284e+01 -4.050639999999999796e-02 3.288820000000000025e-03
3.889999999999999858e+01 -3.752880000000000105e-02 2.977329999999999820e-03
3.910000000000000142e+01 -3.466090000000000143e-02 2.643019999999999831e-03
3.929999999999999716e+01 -3.238270000000000037e-02 2.480399999999999792e-03
3.950000000000000000e+01 -3.016749999999999987e-02 2.168289999999999801e-03
3.970000000000000284e+01 -2.790629999999999847e-02 1.986939999999999974e-03
3.989999999999999858e+01 -2.607380000000000114e-02 1.757969999999999975e-03
4.050000000000000000e+01 -2.126310000000000006e-02 2.457850000000000139e-03
4.150000000000000000e+01 -1.553380000000000039e-02 1.761729999999999980e-03
4.250000000000000000e+01 -1.121240000000000084e-02 1.086689999999999965e-03
4.350000000000000000e+01 -9.001659999999999870e-03 7.857110000000000266e-04
4.450000000000000000e+01 -6.975760000000000120e-03 5.299970000000000419e-04
4.550000000000000000e+01 -5.506030000000000299e-03 4.350359999999999731e-04
4.650000000000000000e+01 -4.265989999999999886e-03 2.219889999999999917e-04
4.750000000000000000e+01 -3.502550000000000108e-03 2.096540000000000090e-04
4.850000000000000000e+01 -2.862350000000000051e-03 1.826970000000000026e-04
4.950000000000000000e+01 -2.319649999999999924e-03 1.111000000000000035e-04
5.050000000000000000e+01 -1.880230000000000096e-03 1.185470000000000019e-04
5.150000000000000000e+01 -1.610019999999999984e-03 9.526170000000000308e-05
5.250000000000000000e+01 -1.362949999999999925e-03 6.755129999999999815e-05
5.350000000000000000e+01 -1.142599999999999909e-03 6.161250000000000006e-05
5.450000000000000000e+01 -9.903379999999998955e-04 4.260889999999999789e-05
5.550000000000000000e+01 -8.399749999999999665e-04 3.439970000000000202e-05
5.650000000000000000e+01 -6.981249999999999609e-04 1.662050000000000121e-05
5.750000000000000000e+01 -6.253679999999999526e-04 3.189360000000000242e-05
5.850000000000000000e+01 -5.473789999999999645e-04 2.447039999999999868e-05
5.950000000000000000e+01 -4.678449999999999905e-04 1.652640000000000155e-05
