3.202000000000000313e+01 2.783809999999999896e-01 2.467369999999999841e+00
3.206000000000000227e+01 3.039549999999999752e-01 2.455700000000000216e+00
3.210000000000000142e+01 1.805190000000000128e-01 2.267770000000000064e+00
3.214000000000000057e+01 2.794969999999999954e-01 2.189680000000000071e+00
3.217999999999999972e+01 1.447370000000000045e-01 1.953009999999999913e+00
3.221999999999999886e+01 3.256530000000000258e-01 2.109119999999999884e+00
3.225999999999999801e+01 1.657609999999999917e-01 1.966239999999999988e+00
3.229999999999999716e+01 7.835100000000000398e-02 1.903429999999999955e+00
3.229999999999999716e+01 4.573460000000000025e-02 1.909699999999999953e+00
3.234000000000000341e+01 7.579610000000000514e-02 1.808470000000000022e+00
3.238000000000000256e+01 -9.187040000000000484e-02 1.549099999999999921e+00
3.242000000000000171e+01 -1.495780000000000026e-02 1.726739999999999942e+00
3.246000000000000085e+01 -3.148710000000000120e-01 1.289479999999999960e+00
3.250000000000000000e+01 -3.090649999999999786e-01 1.346419999999999950e+00
3.250000000000000000e+01 -3.903960000000000208e-01 1.255989999999999940e+00
3.253999999999999915e+01 -2.799180000000000001e-01 1.282469999999999999e+00
3.257999999999999829e+01 -3.748460000000000125e-01 1.201140000000000096e+00
3.261999999999999744e+01 -4.518010000000000081e-01 1.114819999999999922e+00
3.265999999999999659e+01 -6.128069999999999906e-01 7.331370000000000386e-01
3.270000000000000284e+01 -5.749130000000000074e-01 9.247570000000000512e-01
3.270000000000000284e+01 -6.156570000000000098e-01 7.591250000000000497e-01
3.274000000000000199e+01 -6.564410000000000522e-01 7.116510000000000336e-01
3.278000000000000114e+01 -6.647420000000000551e-01 6.793590000000000462e-01
3.282000000000000028e+01 -7.260520000000000307e-01 5.837280000000000246e-01
3.285999999999999943e+01 -7.032469999999999555e-01 6.089170000000000416e-01
3.289999999999999858e+01 -6.397909999999999986e-01 7.896109999999999518e-01
3.289999999999999858e+01 -6.883010000000000517e-01 5.997559999999999558e-01
3.293999999999999773e+01 -6.587009999999999810e-01 7.473710000000000075e-01
3.297999999999999687e+01 -7.128060000000000507e-01 5.883500000000000396e-01
3.302000000000000313e+01 -7.146900000000000475e-01 4.951519999999999810e-01
3.306000000000000227e+01 -7.692729999999999846e-01 3.027190000000000158e-01
3.310000000000000142e+01 -7.396740000000000537e-01 2.940519999999999801e-01
3.310000000000000142e+01 -7.418080000000000229e-01 2.916889999999999761e-01
3.314000000000000057e+01 -7.516859999999999653e-01 2.716080000000000161e-01
3.317999999999999972e+01 -7.633079999999999865e-01 2.161240000000000105e-01
3.321999999999999886e+01 -7.108079999999999954e-01 2.252989999999999993e-01
3.325999999999999801e+01 -7.136329999999999618e-01 2.011640000000000095e-01
3.329999999999999716e+01 -7.266380000000000061e-01 1.938680000000000125e-01
3.329999999999999716e+01 -7.200100000000000389e-01 1.900249999999999995e-01
3.334000000000000341e+01 -6.972949999999999982e-01 1.671140000000000125e-01
3.338000000000000256e+01 -7.023960000000000203e-01 1.651330000000000020e-01
3.342000000000000171e+01 -6.744310000000000027e-01 1.450950000000000017e-01
3.346000000000000085e+01 -6.640089999999999604e-01 1.478919999999999957e-01
3.350000000000000000e+01 -6.533349999999999991e-01 1.370399999999999952e-01
3.350000000000000000e+01 -6.531820000000000404e-01 1.480380000000000029e-01
3.353999999999999915e+01 -6.326429999999999554e-01 1.292270000000000085e-01
3.357999999999999829e+01 -6.164209999999999967e-01 1.317059999999999897e-01
3.361999999999999744e+01 -5.979330000000000478e-01 1.300870000000000082e-01
3.365999999999999659e+01 -5.952210000000000001e-01 1.267089999999999883e-01
3.370000000000000284e+01 -5.852669999999999817e-01 1.294510000000000105e-01
3.370000000000000284e+01 -5.790319999999999911e-01 1.223769999999999997e-01
3.374000000000000199e+01 -5.594689999999999941e-01 1.225770000000000054e-01
3.378000000000000114e+01 -5.515930000000000000e-01 1.239569999999999977e-01
3.382000000000000028e+01 -5.385689999999999644e-01 1.150299999999999934e-01
3.385999999999999943e+01 -5.211270000000000069e-01 1.180159999999999959e-01
3.389999999999999858e+01 -5.138289999999999802e-01 1.099090000000000067e-01
3.389999999999999858e+01 -5.024999999999999467e-01 1.043820000000000026e-01
3.393999999999999773e+01 -4.936510000000000065e-01 1.120759999999999951e-01
3.397999999999999687e+01 -4.876869999999999816e-01 1.062120000000000009e-01
3.410000000000000142e+01 -4.504759999999999875e-01 9.623149999999999760e-02
3.429999999999999716e+01 -3.964570000000000038e-01 8.073990000000000333e-02
3.450000000000000000e+01 -3.400009999999999977e-01 6.425780000000000380e-02
3.470000000000000284e+01 -3.006809999999999761e-01 5.927770000000000261e-02
3.489999999999999858e+01 -2.661270000000000024e-01 5.110769999999999896e-02
3.510000000000000142e+01 -2.356679999999999886e-01 3.993019999999999903e-02
3.529999999999999716e+01 -2.070190000000000086e-01 3.539660000000000029e-02
3.550000000000000000e+01 -1.814749999999999974e-01 2.924970000000000001e-02
3.570000000000000284e+01 -1.665310000000000124e-01 2.496220000000000036e-02
3.589999999999999858e+01 -1.480779999999999874e-01 2.239210000000000159e-02
3.610000000000000142e+01 -1.304079999999999961e-01 1.804240000000000010e-02
3.629999999999999716e+01 -1.200350000000000028e-01 1.587639999999999885e-02
3.650000000000000000e+01 -1.079569999999999974e-01 1.382880000000000047e-02
3.670000000000000284e+01 -9.580690000000000039e-02 1.151879999999999918e-02
3.689999999999999858e+01 -8.801349999999999452e-02 1.042110000000000085e-02
3.710000000000000142e+01 -7.985290000000000443e-02 8.243580000000000352e-03
3.729999999999999716e+01 -7.241290000000000227e-02 7.904490000000000127e-03
3.750000000000000000e+01 -6.638829999999999731e-02 6.613209999999999575e-03
3.770000000000000284e+01 -6.130859999999999782e-02 6.582209999999999797e-03
3.789999999999999858e+01 -5.573399999999999882e-02 5.191209999999999922e-03
3.810000000000000142e+01 -5.154550000000000104e-02 4.584849999999999690e-03
3.829999999999999716e+01 -4.734329999999999788e-02 3.993769999999999785e-03
3.850000000000000000e+01 -4.375219999999999804e-02 3.623279999999999990e-03
3.870000000000000284e+01 -4.050639999999999796e-02 3.288820000000000025e-03
3.889999999999999858e+01 -3.752880000000000105e-02 2.977329999999999820e-03
3.910000000000000142e+01 -3.466090000000000143e-02 2.643019999999999831e-03
3.929999999999999716e+01 -3.238270000000000037e-02 2.480399999999999792e-03
3.950000000000000000e+01 -3.016749999999999987e-02 2.168289999999999801e-03
3.970000000000000284e+01 -2.790629999999999847e-02 1.986939999999999974e-03
3.989999999999999858e+01 -2.607380000000000114e-02 1.757969999999999975e-03
