4.210000000000000142e+01 -2.333469999999999989e-01 1.649159999999999959e+00
4.217999999999999972e+01 -2.421319999999999861e-01 1.635229999999999961e+00
4.229999999999999716e+01 -3.676849999999999841e-01 1.521660000000000013e+00
4.242000000000000171e+01 -4.132520000000000082e-01 1.366730000000000000e+00
4.250000000000000000e+01 -4.621480000000000032e-01 1.287879999999999914e+00
4.257999999999999829e+01 -5.655369999999999564e-01 1.185219999999999940e+00
4.274000000000000199e+01 -5.833230000000000359e-01 1.115890000000000049e+00
4.289999999999999858e+01 -6.273509999999999920e-01 8.120009999999999728e-01
4.297999999999999687e+01 -6.707349999999999701e-01 6.255340000000000344e-01
4.310000000000000142e+01 -6.967969999999999997e-01 5.132609999999999673e-01
4.314000000000000057e+01 -7.153699999999999504e-01 4.481499999999999928e-01
4.321999999999999886e+01 -7.190229999999999677e-01 2.591660000000000075e-01
4.329999999999999716e+01 -7.015590000000000437e-01 2.461430000000000007e-01
4.338000000000000256e+01 -6.927999999999999714e-01 1.382950000000000013e-01
4.346000000000000085e+01 -6.737870000000000248e-01 1.389880000000000004e-01
4.350000000000000000e+01 -6.522369999999999557e-01 1.321640000000000037e-01
4.353999999999999915e+01 -6.449979999999999603e-01 1.246410000000000018e-01
4.361999999999999744e+01 -6.091459999999999653e-01 1.114099999999999951e-01
4.370000000000000284e+01 -5.919609999999999594e-01 1.126199999999999979e-01
4.378000000000000114e+01 -5.585080000000000044e-01 1.007220000000000060e-01
4.385999999999999943e+01 -5.320049999999999502e-01 1.008460000000000051e-01
4.389999999999999858e+01 -5.224280000000000035e-01 1.037509999999999960e-01
4.393999999999999773e+01 -5.093619999999999814e-01 9.246970000000000189e-02
4.410000000000000142e+01 -4.595710000000000073e-01 8.996730000000000005e-02
4.429999999999999716e+01 -4.078169999999999851e-01 7.657339999999999980e-02
4.450000000000000000e+01 -3.546900000000000053e-01 6.456589999999999552e-02
4.470000000000000284e+01 -3.145749999999999935e-01 5.276959999999999984e-02
4.489999999999999858e+01 -2.761170000000000013e-01 4.655639999999999779e-02
4.510000000000000142e+01 -2.459979999999999944e-01 3.748259999999999786e-02
4.529999999999999716e+01 -2.181609999999999938e-01 2.913400000000000017e-02
4.550000000000000000e+01 -1.960629999999999873e-01 2.724160000000000123e-02
4.570000000000000284e+01 -1.754390000000000116e-01 2.283469999999999944e-02
4.589999999999999858e+01 -1.550529999999999964e-01 1.918390000000000026e-02
4.610000000000000142e+01 -1.416379999999999861e-01 1.675230000000000122e-02
4.629999999999999716e+01 -1.270969999999999878e-01 1.357150000000000023e-02
4.650000000000000000e+01 -1.155240000000000017e-01 1.201559999999999954e-02
4.670000000000000284e+01 -1.057260000000000005e-01 1.092560000000000059e-02
4.689999999999999858e+01 -9.492209999999999537e-02 9.062030000000000432e-03
4.710000000000000142e+01 -8.744799999999999796e-02 8.263009999999999453e-03
4.729999999999999716e+01 -7.959829999999999683e-02 7.223420000000000361e-03
4.750000000000000000e+01 -7.261869999999999437e-02 6.057360000000000348e-03
4.770000000000000284e+01 -6.725100000000000522e-02 5.325009999999999813e-03
4.789999999999999858e+01 -6.202309999999999768e-02 4.637859999999999726e-03
4.810000000000000142e+01 -5.676900000000000002e-02 3.983920000000000169e-03
4.829999999999999716e+01 -5.263169999999999654e-02 3.643809999999999931e-03
4.850000000000000000e+01 -4.871219999999999717e-02 3.173210000000000093e-03
4.870000000000000284e+01 -4.500429999999999708e-02 2.841250000000000026e-03
4.889999999999999858e+01 -4.182339999999999669e-02 2.559389999999999929e-03
4.910000000000000142e+01 -3.879490000000000022e-02 2.219510000000000059e-03
4.929999999999999716e+01 -3.623069999999999763e-02 2.138829999999999985e-03
4.950000000000000000e+01 -3.378409999999999747e-02 1.804609999999999895e-03
4.970000000000000284e+01 -3.169260000000000133e-02 1.691290000000000024e-03
4.989999999999999858e+01 -2.943070000000000061e-02 1.465270000000000071e-03
5.050000000000000000e+01 -2.458930000000000143e-02 2.830940000000000106e-03
5.150000000000000000e+01 -1.752199999999999938e-02 1.740100000000000067e-03
5.250000000000000000e+01 -1.319990000000000052e-02 1.138960000000000059e-03
5.350000000000000000e+01 -1.034820000000000011e-02 7.978829999999999907e-04
5.450000000000000000e+01 -8.081380000000000854e-03 5.798609999999999832e-04
5.550000000000000000e+01 -6.484590000000000146e-03 3.750889999999999997e-04
5.650000000000000000e+01 -5.101310000000000393e-03 3.050859999999999857e-04
5.750000000000000000e+01 -4.218330000000000170e-03 2.650719999999999856e-04
5.850000000000000000e+01 -3.488429999999999830e-03 1.924290000000000104e-04
5.950000000000000000e+01 -2.865690000000000164e-03 1.464880000000000110e-04
6.050000000000000000e+01 -2.319840000000000096e-03 1.245750000000000058e-04
6.150000000000000000e+01 -1.995380000000000157e-03 8.922190000000000036e-05
6.250000000000000000e+01 -1.679960000000000090e-03 7.610670000000000098e-05
6.350000000000000000e+01 -1.431079999999999939e-03 7.129419999999999920e-05
6.450000000000000000e+01 -1.250639999999999911e-03 4.343099999999999804e-05
6.550000000000000000e+01 -1.061349999999999967e-03 3.518289999999999818e-05
6.650000000000000000e+01 -9.025349999999999909e-04 2.388430000000000102e-05
6.750000000000000000e+01 -8.126589999999999725e-04 3.065289999999999920e-05
6.850000000000000000e+01 -7.091110000000000078e-04 3.246009999999999776e-05
6.950000000000000000e+01 -6.133790000000000509e-04 2.477039999999999920e-05
