4.210000000000000142e+01 -2.333469999999999989e-01 1.649159999999999959e+00
4.217999999999999972e+01 -2.421319999999999861e-01 1.635229999999999961e+00
4.225999999999999801e+01 -4.177580000000000182e-01 1.469580000000000108e+00
4.234000000000000341e+01 -4.899689999999999879e-01 1.309660000000000046e+00
4.250000000000000000e+01 -4.621480000000000032e-01 1.287879999999999914e+00
4.257999999999999829e+01 -5.655369999999999564e-01 1.185219999999999940e+00
4.265999999999999659e+01 -5.997850000000000126e-01 1.109189999999999898e+00
4.282000000000000028e+01 -6.474699999999999900e-01 8.938960000000000239e-01
4.297999999999999687e+01 -6.707349999999999701e-01 6.255340000000000344e-01
4.306000000000000227e+01 -7.029320000000000013e-01 5.045039999999999525e-01
4.314000000000000057e+01 -7.153699999999999504e-01 4.481499999999999928e-01
4.321999999999999886e+01 -7.190229999999999677e-01 2.591660000000000075e-01
4.329999999999999716e+01 -7.015590000000000437e-01 2.461430000000000007e-01
4.338000000000000256e+01 -6.927999999999999714e-01 1.382950000000000013e-01
4.346000000000000085e+01 -6.737870000000000248e-01 1.389880000000000004e-01
4.350000000000000000e+01 -6.522369999999999557e-01 1.321640000000000037e-01
4.353999999999999915e+01 -6.449979999999999603e-01 1.246410000000000018e-01
4.361999999999999744e+01 -6.091459999999999653e-01 1.114099999999999951e-01
4.370000000000000284e+01 -5.919609999999999594e-01 1.126199999999999979e-01
4.378000000000000114e+01 -5.585080000000000044e-01 1.007220000000000060e-01
4.385999999999999943e+01 -5.320049999999999502e-01 1.008460000000000051e-01
4.389999999999999858e+01 -5.224280000000000035e-01 1.037509999999999960e-01
4.393999999999999773e+01 -5.093619999999999814e-01 9.246970000000000189e-02
4.410000000000000142e+01 -4.595710000000000073e-01 8.996730000000000005e-02
4.429999999999999716e+01 -4.078169999999999851e-01 7.657339999999999980e-02
4.450000000000000000e+01 -3.546900000000000053e-01 6.456589999999999552e-02
4.470000000000000284e+01 -3.145749999999999935e-01 5.276959999999999984e-02
4.489999999999999858e+01 -2.761170000000000013e-01 4.655639999999999779e-02
4.510000000000000142e+01 -2.459979999999999944e-01 3.748259999999999786e-02
4.529999999999999716e+01 -2.181609999999999938e-01 2.913400000000000017e-02
4.550000000000000000e+01 -1.960629999999999873e-01 2.724160000000000123e-02
4.570000000000000284e+01 -1.754390000000000116e-01 2.283469999999999944e-02
4.589999999999999858e+01 -1.550529999999999964e-01 1.918390000000000026e-02
4.610000000000000142e+01 -1.416379999999999861e-01 1.675230000000000122e-02
4.629999999999999716e+01 -1.270969999999999878e-01 1.357150000000000023e-02
4.650000000000000000e+01 -1.155240000000000017e-01 1.201559999999999954e-02
4.670000000000000284e+01 -1.057260000000000005e-01 1.092560000000000059e-02
4.689999999999999858e+01 -9.492209999999999537e-02 9.062030000000000432e-03
4.710000000000000142e+01 -8.744799999999999796e-02 8.263009999999999453e-03
4.729999999999999716e+01 -7.959829999999999683e-02 7.223420000000000361e-03
4.750000000000000000e+01 -7.261869999999999437e-02 6.057360000000000348e-03
4.770000000000000284e+01 -6.725100000000000522e-02 5.325009999999999813e-03
4.789999999999999858e+01 -6.202309999999999768e-02 4.637859999999999726e-03
4.810000000000000142e+01 -5.676900000000000002e-02 3.983920000000000169e-03
4.829999999999999716e+01 -5.263169999999999654e-02 3.643809999999999931e-03
4.850000000000000000e+01 -4.871219999999999717e-02 3.173210000000000093e-03
4.870000000000000284e+01 -4.500429999999999708e-02 2.841250000000000026e-03
4.889999999999999858e+01 -4.182339999999999669e-02 2.559389999999999929e-03
4.910000000000000142e+01 -3.879490000000000022e-02 2.219510000000000059e-03
4.929999999999999716e+01 -3.623069999999999763e-02 2.138829999999999985e-03
4.950000000000000000e+01 -3.378409999999999747e-02 1.804609999999999895e-03
4.970000000000000284e+01 -3.169260000000000133e-02 1.691290000000000024e-03
4.989999999999999858e+01 -2.943070000000000061e-02 1.465270000000000071e-03
