5.242000000000000171e+01 -2.665879999999999916e-01 1.594710000000000072e+00
5.257999999999999829e+01 -3.698029999999999928e-01 1.533300000000000107e+00
5.270000000000000284e+01 -4.925510000000000166e-01 1.281439999999999912e+00
5.274000000000000199e+01 -4.949810000000000043e-01 1.306210000000000093e+00
5.289999999999999858e+01 -6.189639999999999587e-01 1.002389999999999892e+00
5.297999999999999687e+01 -7.131199999999999761e-01 7.263070000000000359e-01
5.306000000000000227e+01 -8.201779999999999626e-01 3.740689999999999849e-01
5.310000000000000142e+01 -7.944280000000000230e-01 3.949840000000000018e-01
5.329999999999999716e+01 -7.928129999999999900e-01 1.811250000000000082e-01
5.338000000000000256e+01 -7.792000000000000037e-01 1.502429999999999877e-01
5.346000000000000085e+01 -7.456409999999999982e-01 1.370319999999999871e-01
5.350000000000000000e+01 -7.274859999999999660e-01 1.387019999999999920e-01
5.353999999999999915e+01 -7.063260000000000094e-01 1.245040000000000036e-01
5.361999999999999744e+01 -6.845240000000000213e-01 1.169349999999999973e-01
5.370000000000000284e+01 -6.501320000000000432e-01 1.106329999999999952e-01
5.378000000000000114e+01 -6.243119999999999781e-01 1.111790000000000000e-01
5.385999999999999943e+01 -5.893300000000000205e-01 1.064579999999999971e-01
5.389999999999999858e+01 -5.709469999999999823e-01 1.029120000000000035e-01
5.393999999999999773e+01 -5.546759999999999469e-01 9.366380000000000539e-02
5.410000000000000142e+01 -5.076089999999999769e-01 9.354160000000000252e-02
5.429999999999999716e+01 -4.477430000000000021e-01 8.031370000000000176e-02
5.450000000000000000e+01 -3.875239999999999796e-01 6.907629999999999326e-02
5.470000000000000284e+01 -3.399070000000000147e-01 5.746239999999999681e-02
5.489999999999999858e+01 -3.037759999999999905e-01 4.618379999999999708e-02
5.510000000000000142e+01 -2.649679999999999813e-01 3.780580000000000052e-02
5.529999999999999716e+01 -2.376389999999999891e-01 3.231520000000000226e-02
5.550000000000000000e+01 -2.125340000000000007e-01 2.654559999999999906e-02
5.570000000000000284e+01 -1.906819999999999904e-01 2.307499999999999829e-02
5.589999999999999858e+01 -1.702510000000000134e-01 2.098890000000000131e-02
5.610000000000000142e+01 -1.528329999999999966e-01 1.711410000000000015e-02
5.629999999999999716e+01 -1.382339999999999958e-01 1.452619999999999953e-02
5.650000000000000000e+01 -1.258680000000000077e-01 1.319520000000000068e-02
5.670000000000000284e+01 -1.138259999999999966e-01 1.088979999999999983e-02
5.689999999999999858e+01 -1.036310000000000009e-01 9.193120000000000805e-03
5.710000000000000142e+01 -9.448220000000000229e-02 8.416889999999999789e-03
5.729999999999999716e+01 -8.617840000000000222e-02 7.398809999999999588e-03
5.750000000000000000e+01 -7.954790000000000472e-02 6.440839999999999760e-03
5.770000000000000284e+01 -7.254850000000000187e-02 5.349389999999999874e-03
5.789999999999999858e+01 -6.644919999999999993e-02 5.121249999999999934e-03
5.810000000000000142e+01 -6.170670000000000321e-02 4.098499999999999713e-03
5.829999999999999716e+01 -5.695599999999999968e-02 3.844549999999999964e-03
5.850000000000000000e+01 -5.246819999999999956e-02 3.545369999999999945e-03
5.870000000000000284e+01 -4.892679999999999946e-02 3.094739999999999904e-03
5.889999999999999858e+01 -4.540000000000000285e-02 2.713160000000000051e-03
5.910000000000000142e+01 -4.223240000000000327e-02 2.376189999999999813e-03
5.929999999999999716e+01 -3.931550000000000322e-02 2.047429999999999823e-03
5.950000000000000000e+01 -3.666280000000000233e-02 2.063810000000000124e-03
5.970000000000000284e+01 -3.427209999999999979e-02 1.718370000000000097e-03
5.989999999999999858e+01 -3.187689999999999968e-02 1.530780000000000031e-03
6.050000000000000000e+01 -2.624980000000000022e-02 2.756230000000000138e-03
6.150000000000000000e+01 -1.892730000000000107e-02 1.778510000000000073e-03
6.250000000000000000e+01 -1.440330000000000082e-02 1.153839999999999944e-03
6.350000000000000000e+01 -1.158460000000000045e-02 9.513739999999999480e-04
6.450000000000000000e+01 -9.017350000000000365e-03 6.499410000000000170e-04
6.550000000000000000e+01 -7.179679999999999916e-03 4.331100000000000054e-04
6.650000000000000000e+01 -5.681109999999999632e-03 2.497840000000000195e-04
6.750000000000000000e+01 -4.750039999999999644e-03 3.513430000000000004e-04
6.850000000000000000e+01 -3.925020000000000418e-03 2.206940000000000117e-04
6.950000000000000000e+01 -3.201380000000000198e-03 1.561810000000000010e-04
7.050000000000000000e+01 -2.651769999999999908e-03 1.526459999999999883e-04
7.150000000000000000e+01 -2.276110000000000026e-03 1.203530000000000046e-04
7.250000000000000000e+01 -1.939030000000000007e-03 8.440449999999999461e-05
7.350000000000000000e+01 -1.659359999999999915e-03 8.429469999999999780e-05
7.450000000000000000e+01 -1.442630000000000084e-03 5.048180000000000175e-05
7.550000000000000000e+01 -1.231160000000000023e-03 5.288699999999999695e-05
7.650000000000000000e+01 -1.056300000000000034e-03 2.104039999999999933e-05
7.750000000000000000e+01 -9.436320000000000211e-04 3.412899999999999799e-05
7.850000000000000000e+01 -8.365339999999999972e-04 3.201839999999999824e-05
7.950000000000000000e+01 -7.205620000000000037e-04 2.682320000000000095e-05
