5.202000000000000313e+01 1.079320000000000002e-01 1.919349999999999890e+00
5.206000000000000227e+01 -1.235590000000000022e-01 1.798750000000000071e+00
5.210000000000000142e+01 3.154760000000000203e-02 1.984580000000000011e+00
5.210000000000000142e+01 1.297940000000000031e-02 1.993379999999999930e+00
5.214000000000000057e+01 -5.974499999999999950e-02 1.819760000000000044e+00
5.217999999999999972e+01 -2.079090000000000105e-01 1.857080000000000064e+00
5.221999999999999886e+01 -1.548569999999999947e-01 1.853259999999999907e+00
5.225999999999999801e+01 -1.131680000000000047e-01 1.849450000000000038e+00
5.229999999999999716e+01 6.949479999999999547e-02 2.072820000000000107e+00
5.229999999999999716e+01 -1.760710000000000053e-01 1.836710000000000065e+00
5.234000000000000341e+01 -1.545749999999999902e-01 1.774480000000000057e+00
5.238000000000000256e+01 -1.337790000000000090e-01 1.799490000000000034e+00
5.242000000000000171e+01 -2.665879999999999916e-01 1.594710000000000072e+00
5.246000000000000085e+01 -2.843229999999999924e-01 1.569190000000000085e+00
5.250000000000000000e+01 -3.048270000000000146e-01 1.628360000000000030e+00
5.250000000000000000e+01 -4.110280000000000045e-01 1.481459999999999999e+00
5.253999999999999915e+01 -3.632319999999999993e-01 1.552229999999999999e+00
5.257999999999999829e+01 -3.698029999999999928e-01 1.533300000000000107e+00
5.261999999999999744e+01 -4.790400000000000214e-01 1.424760000000000026e+00
5.265999999999999659e+01 -5.567419999999999591e-01 1.193729999999999958e+00
5.270000000000000284e+01 -4.925510000000000166e-01 1.281439999999999912e+00
5.270000000000000284e+01 -5.022140000000000493e-01 1.294869999999999965e+00
5.274000000000000199e+01 -4.949810000000000043e-01 1.306210000000000093e+00
5.278000000000000114e+01 -5.805000000000000160e-01 1.141280000000000072e+00
5.282000000000000028e+01 -6.484100000000000419e-01 9.204170000000000407e-01
5.285999999999999943e+01 -6.792949999999999822e-01 8.355470000000000397e-01
5.289999999999999858e+01 -7.150389999999999802e-01 7.836830000000000185e-01
5.289999999999999858e+01 -6.189639999999999587e-01 1.002389999999999892e+00
5.293999999999999773e+01 -7.150499999999999634e-01 7.586910000000000043e-01
5.297999999999999687e+01 -7.131199999999999761e-01 7.263070000000000359e-01
5.302000000000000313e+01 -7.867210000000000036e-01 4.774289999999999923e-01
5.306000000000000227e+01 -8.201779999999999626e-01 3.740689999999999849e-01
5.310000000000000142e+01 -7.944280000000000230e-01 3.949840000000000018e-01
5.310000000000000142e+01 -7.766549999999999843e-01 4.035230000000000206e-01
5.314000000000000057e+01 -8.004580000000000028e-01 3.190680000000000183e-01
5.317999999999999972e+01 -8.042200000000000459e-01 2.439089999999999869e-01
5.321999999999999886e+01 -7.994050000000000322e-01 2.127890000000000059e-01
5.325999999999999801e+01 -7.967239999999999878e-01 1.982099999999999973e-01
5.329999999999999716e+01 -7.928129999999999900e-01 1.811250000000000082e-01
5.329999999999999716e+01 -7.837749999999999995e-01 2.058760000000000034e-01
5.334000000000000341e+01 -7.890420000000000211e-01 1.610560000000000047e-01
5.338000000000000256e+01 -7.792000000000000037e-01 1.502429999999999877e-01
5.342000000000000171e+01 -7.493739999999999846e-01 1.382960000000000023e-01
5.346000000000000085e+01 -7.456409999999999982e-01 1.370319999999999871e-01
5.350000000000000000e+01 -7.284559999999999924e-01 1.315749999999999975e-01
5.350000000000000000e+01 -7.274859999999999660e-01 1.387019999999999920e-01
5.353999999999999915e+01 -7.063260000000000094e-01 1.245040000000000036e-01
5.357999999999999829e+01 -7.000739999999999741e-01 1.264659999999999951e-01
5.361999999999999744e+01 -6.845240000000000213e-01 1.169349999999999973e-01
5.365999999999999659e+01 -6.712230000000000141e-01 1.205689999999999956e-01
5.370000000000000284e+01 -6.501320000000000432e-01 1.106329999999999952e-01
5.370000000000000284e+01 -6.503280000000000172e-01 1.187740000000000046e-01
5.374000000000000199e+01 -6.362879999999999647e-01 1.141130000000000061e-01
5.378000000000000114e+01 -6.243119999999999781e-01 1.111790000000000000e-01
5.382000000000000028e+01 -5.995479999999999698e-01 1.060559999999999975e-01
5.385999999999999943e+01 -5.893300000000000205e-01 1.064579999999999971e-01
5.389999999999999858e+01 -5.709469999999999823e-01 1.029120000000000035e-01
5.389999999999999858e+01 -5.717290000000000427e-01 1.042000000000000010e-01
5.393999999999999773e+01 -5.546759999999999469e-01 9.366380000000000539e-02
5.397999999999999687e+01 -5.485430000000000028e-01 1.020070000000000005e-01
5.410000000000000142e+01 -5.076089999999999769e-01 9.354160000000000252e-02
5.429999999999999716e+01 -4.477430000000000021e-01 8.031370000000000176e-02
5.450000000000000000e+01 -3.875239999999999796e-01 6.907629999999999326e-02
5.470000000000000284e+01 -3.399070000000000147e-01 5.746239999999999681e-02
5.489999999999999858e+01 -3.037759999999999905e-01 4.618379999999999708e-02
5.510000000000000142e+01 -2.649679999999999813e-01 3.780580000000000052e-02
5.529999999999999716e+01 -2.376389999999999891e-01 3.231520000000000226e-02
5.550000000000000000e+01 -2.125340000000000007e-01 2.654559999999999906e-02
5.570000000000000284e+01 -1.906819999999999904e-01 2.307499999999999829e-02
5.589999999999999858e+01 -1.702510000000000134e-01 2.098890000000000131e-02
5.610000000000000142e+01 -1.528329999999999966e-01 1.711410000000000015e-02
5.629999999999999716e+01 -1.382339999999999958e-01 1.452619999999999953e-02
5.650000000000000000e+01 -1.258680000000000077e-01 1.319520000000000068e-02
5.670000000000000284e+01 -1.138259999999999966e-01 1.088979999999999983e-02
5.689999999999999858e+01 -1.036310000000000009e-01 9.193120000000000805e-03
5.710000000000000142e+01 -9.448220000000000229e-02 8.416889999999999789e-03
5.729999999999999716e+01 -8.617840000000000222e-02 7.398809999999999588e-03
5.750000000000000000e+01 -7.954790000000000472e-02 6.440839999999999760e-03
5.770000000000000284e+01 -7.254850000000000187e-02 5.349389999999999874e-03
5.789999999999999858e+01 -6.644919999999999993e-02 5.121249999999999934e-03
5.810000000000000142e+01 -6.170670000000000321e-02 4.098499999999999713e-03
5.829999999999999716e+01 -5.695599999999999968e-02 3.844549999999999964e-03
5.850000000000000000e+01 -5.246819999999999956e-02 3.545369999999999945e-03
5.870000000000000284e+01 -4.892679999999999946e-02 3.094739999999999904e-03
5.889999999999999858e+01 -4.540000000000000285e-02 2.713160000000000051e-03
5.910000000000000142e+01 -4.223240000000000327e-02 2.376189999999999813e-03
5.929999999999999716e+01 -3.931550000000000322e-02 2.047429999999999823e-03
5.950000000000000000e+01 -3.666280000000000233e-02 2.063810000000000124e-03
5.970000000000000284e+01 -3.427209999999999979e-02 1.718370000000000097e-03
5.989999999999999858e+01 -3.187689999999999968e-02 1.530780000000000031e-03
