5.217999999999999972e+01 -2.079090000000000105e-01 1.857080000000000064e+00
5.242000000000000171e+01 -2.665879999999999916e-01 1.594710000000000072e+00
5.250000000000000000e+01 -4.110280000000000045e-01 1.481459999999999999e+00
5.265999999999999659e+01 -5.567419999999999591e-01 1.193729999999999958e+00
5.274000000000000199e+01 -4.949810000000000043e-01 1.306210000000000093e+00
5.282000000000000028e+01 -6.484100000000000419e-01 9.204170000000000407e-01
5.297999999999999687e+01 -7.131199999999999761e-01 7.263070000000000359e-01
5.306000000000000227e+01 -8.201779999999999626e-01 3.740689999999999849e-01
5.310000000000000142e+01 -7.944280000000000230e-01 3.949840000000000018e-01
5.321999999999999886e+01 -7.994050000000000322e-01 2.127890000000000059e-01
5.329999999999999716e+01 -7.928129999999999900e-01 1.811250000000000082e-01
5.338000000000000256e+01 -7.792000000000000037e-01 1.502429999999999877e-01
5.346000000000000085e+01 -7.456409999999999982e-01 1.370319999999999871e-01
5.350000000000000000e+01 -7.274859999999999660e-01 1.387019999999999920e-01
5.353999999999999915e+01 -7.063260000000000094e-01 1.245040000000000036e-01
5.361999999999999744e+01 -6.845240000000000213e-01 1.169349999999999973e-01
5.370000000000000284e+01 -6.501320000000000432e-01 1.106329999999999952e-01
5.378000000000000114e+01 -6.243119999999999781e-01 1.111790000000000000e-01
5.385999999999999943e+01 -5.893300000000000205e-01 1.064579999999999971e-01
5.389999999999999858e+01 -5.709469999999999823e-01 1.029120000000000035e-01
5.393999999999999773e+01 -5.546759999999999469e-01 9.366380000000000539e-02
5.410000000000000142e+01 -5.076089999999999769e-01 9.354160000000000252e-02
5.429999999999999716e+01 -4.477430000000000021e-01 8.031370000000000176e-02
5.450000000000000000e+01 -3.875239999999999796e-01 6.907629999999999326e-02
5.470000000000000284e+01 -3.399070000000000147e-01 5.746239999999999681e-02
5.489999999999999858e+01 -3.037759999999999905e-01 4.618379999999999708e-02
5.510000000000000142e+01 -2.649679999999999813e-01 3.780580000000000052e-02
5.529999999999999716e+01 -2.376389999999999891e-01 3.231520000000000226e-02
5.550000000000000000e+01 -2.125340000000000007e-01 2.654559999999999906e-02
5.570000000000000284e+01 -1.906819999999999904e-01 2.307499999999999829e-02
5.589999999999999858e+01 -1.702510000000000134e-01 2.098890000000000131e-02
5.610000000000000142e+01 -1.528329999999999966e-01 1.711410000000000015e-02
5.629999999999999716e+01 -1.382339999999999958e-01 1.452619999999999953e-02
5.650000000000000000e+01 -1.258680000000000077e-01 1.319520000000000068e-02
5.670000000000000284e+01 -1.138259999999999966e-01 1.088979999999999983e-02
5.689999999999999858e+01 -1.036310000000000009e-01 9.193120000000000805e-03
5.710000000000000142e+01 -9.448220000000000229e-02 8.416889999999999789e-03
5.729999999999999716e+01 -8.617840000000000222e-02 7.398809999999999588e-03
5.750000000000000000e+01 -7.954790000000000472e-02 6.440839999999999760e-03
5.770000000000000284e+01 -7.254850000000000187e-02 5.349389999999999874e-03
5.789999999999999858e+01 -6.644919999999999993e-02 5.121249999999999934e-03
5.810000000000000142e+01 -6.170670000000000321e-02 4.098499999999999713e-03
5.829999999999999716e+01 -5.695599999999999968e-02 3.844549999999999964e-03
5.850000000000000000e+01 -5.246819999999999956e-02 3.545369999999999945e-03
5.870000000000000284e+01 -4.892679999999999946e-02 3.094739999999999904e-03
5.889999999999999858e+01 -4.540000000000000285e-02 2.713160000000000051e-03
5.910000000000000142e+01 -4.223240000000000327e-02 2.376189999999999813e-03
5.929999999999999716e+01 -3.931550000000000322e-02 2.047429999999999823e-03
5.950000000000000000e+01 -3.666280000000000233e-02 2.063810000000000124e-03
5.970000000000000284e+01 -3.427209999999999979e-02 1.718370000000000097e-03
5.989999999999999858e+01 -3.187689999999999968e-02 1.530780000000000031e-03
