6.229999999999999716e+01 -2.146480000000000055e-01 1.623950000000000005e+00
6.234000000000000341e+01 -3.581199999999999939e-01 1.599750000000000005e+00
6.242000000000000171e+01 -3.810319999999999818e-01 1.484949999999999992e+00
6.250000000000000000e+01 -4.617530000000000245e-01 1.363240000000000007e+00
6.257999999999999829e+01 -4.869419999999999860e-01 1.214739999999999931e+00
6.265999999999999659e+01 -5.057709999999999706e-01 1.310410000000000075e+00
6.270000000000000284e+01 -5.589250000000000052e-01 1.222150000000000070e+00
6.274000000000000199e+01 -6.213140000000000329e-01 1.083269999999999955e+00
6.289999999999999858e+01 -7.041269999999999474e-01 8.025689999999999769e-01
6.306000000000000227e+01 -7.399780000000000246e-01 5.637750000000000261e-01
6.310000000000000142e+01 -7.430729999999999835e-01 5.192160000000000108e-01
6.314000000000000057e+01 -7.772019999999999484e-01 3.001539999999999764e-01
6.321999999999999886e+01 -7.668549999999999534e-01 2.711759999999999726e-01
6.329999999999999716e+01 -7.583710000000000173e-01 1.676789999999999947e-01
6.338000000000000256e+01 -7.348320000000000407e-01 1.515189999999999870e-01
6.346000000000000085e+01 -7.021659999999999568e-01 1.323570000000000024e-01
6.350000000000000000e+01 -6.907579999999999831e-01 1.279279999999999862e-01
6.353999999999999915e+01 -6.725499999999999812e-01 1.211300000000000016e-01
6.361999999999999744e+01 -6.546009999999999884e-01 1.194749999999999979e-01
6.370000000000000284e+01 -6.134220000000000228e-01 1.035009999999999958e-01
6.378000000000000114e+01 -5.860999999999999543e-01 1.030660000000000048e-01
6.385999999999999943e+01 -5.553810000000000136e-01 8.632070000000000021e-02
6.389999999999999858e+01 -5.447079999999999700e-01 8.938450000000000562e-02
6.393999999999999773e+01 -5.276669999999999972e-01 8.770849999999999480e-02
6.409999999999999432e+01 -4.878709999999999991e-01 7.936110000000000386e-02
6.429999999999999716e+01 -4.274899999999999811e-01 7.146109999999999962e-02
6.450000000000000000e+01 -3.677250000000000241e-01 6.036849999999999855e-02
6.470000000000000284e+01 -3.358430000000000026e-01 4.953769999999999701e-02
6.490000000000000568e+01 -2.921019999999999728e-01 3.925229999999999692e-02
6.509999999999999432e+01 -2.590149999999999952e-01 3.510869999999999963e-02
6.529999999999999716e+01 -2.322450000000000070e-01 2.965929999999999955e-02
6.550000000000000000e+01 -2.073139999999999983e-01 2.395649999999999863e-02
6.570000000000000284e+01 -1.845019999999999993e-01 2.047320000000000043e-02
6.590000000000000568e+01 -1.669799999999999895e-01 1.762599999999999931e-02
6.609999999999999432e+01 -1.498889999999999945e-01 1.532329999999999977e-02
6.629999999999999716e+01 -1.361850000000000005e-01 1.318830000000000002e-02
6.650000000000000000e+01 -1.235089999999999938e-01 1.205400000000000048e-02
6.670000000000000284e+01 -1.126920000000000005e-01 9.933360000000000453e-03
6.690000000000000568e+01 -1.026669999999999944e-01 8.687330000000000052e-03
6.709999999999999432e+01 -9.420159999999999645e-02 7.591259999999999848e-03
6.729999999999999716e+01 -8.616390000000000160e-02 6.418290000000000106e-03
6.750000000000000000e+01 -7.926900000000000612e-02 5.921209999999999668e-03
6.770000000000000284e+01 -7.260790000000000299e-02 4.991940000000000266e-03
6.790000000000000568e+01 -6.738360000000000183e-02 4.526549999999999845e-03
6.809999999999999432e+01 -6.222840000000000316e-02 3.875949999999999968e-03
6.829999999999999716e+01 -5.734539999999999776e-02 3.516739999999999970e-03
6.850000000000000000e+01 -5.345969999999999889e-02 3.279489999999999923e-03
6.870000000000000284e+01 -4.956750000000000045e-02 2.745519999999999992e-03
6.890000000000000568e+01 -4.622409999999999713e-02 2.500039999999999814e-03
6.909999999999999432e+01 -4.285560000000000064e-02 2.217820000000000121e-03
6.929999999999999716e+01 -3.986309999999999854e-02 2.039710000000000134e-03
6.950000000000000000e+01 -3.748169999999999974e-02 1.897370000000000003e-03
6.970000000000000284e+01 -3.496989999999999821e-02 1.711580000000000089e-03
6.990000000000000568e+01 -3.278230000000000033e-02 1.500220000000000026e-03
7.050000000000000000e+01 -2.712169999999999859e-02 2.456920000000000024e-03
7.150000000000000000e+01 -2.018189999999999915e-02 1.922590000000000063e-03
7.250000000000000000e+01 -1.507340000000000069e-02 1.197649999999999973e-03
7.350000000000000000e+01 -1.217120000000000007e-02 8.804680000000000275e-04
7.450000000000000000e+01 -9.536219999999999766e-03 5.801019999999999831e-04
7.550000000000000000e+01 -7.524770000000000070e-03 4.480350000000000023e-04
7.650000000000000000e+01 -6.024220000000000269e-03 2.018020000000000035e-04
7.750000000000000000e+01 -5.000550000000000307e-03 2.944110000000000108e-04
7.850000000000000000e+01 -4.220589999999999758e-03 2.442500000000000010e-04
7.950000000000000000e+01 -3.445880000000000123e-03 1.420430000000000087e-04
8.050000000000000000e+01 -2.863479999999999845e-03 1.688829999999999889e-04
8.150000000000000000e+01 -2.486550000000000132e-03 1.311700000000000062e-04
8.250000000000000000e+01 -2.125810000000000113e-03 9.485220000000000641e-05
8.350000000000000000e+01 -1.809499999999999911e-03 9.149380000000000143e-05
8.450000000000000000e+01 -1.590629999999999995e-03 4.877679999999999690e-05
8.550000000000000000e+01 -1.360550000000000084e-03 4.806589999999999664e-05
8.650000000000000000e+01 -1.158420000000000066e-03 2.805079999999999916e-05
8.750000000000000000e+01 -1.050600000000000058e-03 3.893970000000000260e-05
8.850000000000000000e+01 -9.318370000000000299e-04 3.353259999999999807e-05
8.950000000000000000e+01 -8.088659999999999904e-04 2.668809999999999949e-05
