7.229999999999999716e+01 -2.056679999999999897e-01 1.776359999999999939e+00
7.242000000000000171e+01 -2.305109999999999937e-01 1.781209999999999960e+00
7.250000000000000000e+01 -2.698969999999999980e-01 1.553490000000000038e+00
7.257999999999999829e+01 -5.329530000000000101e-01 1.154730000000000034e+00
7.265999999999999659e+01 -6.426079999999999570e-01 9.386999999999999789e-01
7.273999999999999488e+01 -6.977750000000000341e-01 8.372359999999999802e-01
7.290000000000000568e+01 -7.215080000000000382e-01 8.427280000000000326e-01
7.298000000000000398e+01 -7.417230000000000212e-01 7.356279999999999486e-01
7.306000000000000227e+01 -7.835820000000000007e-01 4.899060000000000081e-01
7.314000000000000057e+01 -8.306799999999999740e-01 2.844729999999999759e-01
7.321999999999999886e+01 -7.839650000000000230e-01 2.966869999999999785e-01
7.329999999999999716e+01 -7.746680000000000232e-01 2.249379999999999991e-01
7.337999999999999545e+01 -7.534539999999999571e-01 1.681999999999999884e-01
7.345999999999999375e+01 -7.220940000000000136e-01 1.344940000000000024e-01
7.350000000000000000e+01 -7.126639999999999642e-01 1.436630000000000129e-01
7.354000000000000625e+01 -6.964000000000000190e-01 1.273309999999999997e-01
7.362000000000000455e+01 -6.709399999999999809e-01 1.239839999999999970e-01
7.370000000000000284e+01 -6.413470000000000004e-01 1.149320000000000064e-01
7.378000000000000114e+01 -6.082349999999999701e-01 1.044289999999999941e-01
7.385999999999999943e+01 -5.804289999999999727e-01 1.093210000000000015e-01
7.390000000000000568e+01 -5.650819999999999732e-01 1.135400000000000020e-01
7.393999999999999773e+01 -5.522789999999999644e-01 9.868100000000000482e-02
7.409999999999999432e+01 -4.917540000000000244e-01 9.383560000000000512e-02
7.429999999999999716e+01 -4.357489999999999974e-01 8.360769999999999313e-02
7.450000000000000000e+01 -3.863010000000000055e-01 6.414319999999999744e-02
7.470000000000000284e+01 -3.374219999999999997e-01 5.813270000000000243e-02
7.490000000000000568e+01 -2.996420000000000194e-01 5.044499999999999679e-02
7.509999999999999432e+01 -2.665009999999999879e-01 4.100870000000000209e-02
7.529999999999999716e+01 -2.379080000000000084e-01 3.446210000000000245e-02
7.550000000000000000e+01 -2.134300000000000086e-01 2.870709999999999928e-02
7.570000000000000284e+01 -1.922969999999999957e-01 2.586010000000000045e-02
7.590000000000000568e+01 -1.729050000000000031e-01 2.273980000000000098e-02
7.609999999999999432e+01 -1.537949999999999873e-01 1.843420000000000128e-02
7.629999999999999716e+01 -1.391999999999999904e-01 1.585179999999999922e-02
7.650000000000000000e+01 -1.283960000000000101e-01 1.420860000000000005e-02
7.670000000000000284e+01 -1.163010000000000016e-01 1.089470000000000022e-02
7.690000000000000568e+01 -1.069309999999999983e-01 1.007740000000000025e-02
7.709999999999999432e+01 -9.657419999999999893e-02 9.249810000000000670e-03
7.729999999999999716e+01 -8.828740000000000199e-02 7.976350000000000107e-03
7.750000000000000000e+01 -8.155990000000000462e-02 7.216760000000000015e-03
7.770000000000000284e+01 -7.481279999999999875e-02 6.115319999999999610e-03
7.790000000000000568e+01 -6.929829999999999324e-02 5.589150000000000194e-03
7.809999999999999432e+01 -6.418609999999999594e-02 5.151130000000000292e-03
7.829999999999999716e+01 -5.931000000000000161e-02 4.455080000000000151e-03
7.850000000000000000e+01 -5.499140000000000278e-02 4.034519999999999773e-03
7.870000000000000284e+01 -5.139690000000000231e-02 3.602109999999999947e-03
7.890000000000000568e+01 -4.782329999999999914e-02 3.154329999999999894e-03
7.909999999999999432e+01 -4.440249999999999753e-02 2.858990000000000056e-03
7.929999999999999716e+01 -4.143689999999999873e-02 2.638590000000000119e-03
7.950000000000000000e+01 -3.841920000000000057e-02 2.351610000000000072e-03
7.970000000000000284e+01 -3.609620000000000190e-02 2.117729999999999960e-03
7.990000000000000568e+01 -3.403140000000000331e-02 1.922909999999999897e-03
