8.250000000000000000e+01 -2.836659999999999737e-01 1.480969999999999898e+00
8.265999999999999659e+01 -3.688179999999999792e-01 1.358200000000000074e+00
8.270000000000000284e+01 -5.678130000000000122e-01 1.058100000000000041e+00
8.273999999999999488e+01 -6.166209999999999747e-01 9.610980000000000079e-01
8.281999999999999318e+01 -6.389709999999999557e-01 9.146720000000000406e-01
8.290000000000000568e+01 -6.462489999999999624e-01 9.412709999999999688e-01
8.298000000000000398e+01 -7.008600000000000385e-01 7.379679999999999573e-01
8.306000000000000227e+01 -7.861780000000000435e-01 5.181189999999999962e-01
8.309999999999999432e+01 -8.114540000000000086e-01 4.965200000000000169e-01
8.314000000000000057e+01 -8.199969999999999759e-01 3.793989999999999863e-01
8.321999999999999886e+01 -8.228969999999999896e-01 2.707479999999999887e-01
8.329999999999999716e+01 -8.085170000000000412e-01 2.102199999999999902e-01
8.337999999999999545e+01 -8.080469999999999597e-01 1.738010000000000110e-01
8.345999999999999375e+01 -7.651820000000000288e-01 1.544099999999999917e-01
8.350000000000000000e+01 -7.586730000000000418e-01 1.598430000000000129e-01
8.354000000000000625e+01 -7.516789999999999861e-01 1.412110000000000032e-01
8.362000000000000455e+01 -7.183340000000000281e-01 1.330199999999999994e-01
8.370000000000000284e+01 -6.842240000000000544e-01 1.183540000000000009e-01
8.378000000000000114e+01 -6.462069999999999759e-01 1.184380000000000016e-01
8.385999999999999943e+01 -6.215829999999999966e-01 1.074319999999999997e-01
8.390000000000000568e+01 -5.969529999999999559e-01 1.126240000000000019e-01
8.393999999999999773e+01 -5.860819999999999919e-01 1.017330000000000040e-01
8.409999999999999432e+01 -5.335860000000000047e-01 9.817969999999999475e-02
8.429999999999999716e+01 -4.675230000000000219e-01 7.845249999999999446e-02
8.450000000000000000e+01 -4.102529999999999788e-01 6.718839999999999535e-02
8.470000000000000284e+01 -3.608160000000000256e-01 5.709140000000000048e-02
8.490000000000000568e+01 -3.217530000000000112e-01 5.006680000000000158e-02
8.509999999999999432e+01 -2.792950000000000155e-01 3.872060000000000085e-02
8.529999999999999716e+01 -2.538909999999999778e-01 3.461439999999999656e-02
8.550000000000000000e+01 -2.229959999999999998e-01 2.935569999999999846e-02
8.570000000000000284e+01 -2.014950000000000074e-01 2.480900000000000119e-02
8.590000000000000568e+01 -1.799300000000000066e-01 2.231709999999999944e-02
8.609999999999999432e+01 -1.627389999999999948e-01 1.891810000000000019e-02
8.629999999999999716e+01 -1.470789999999999875e-01 1.566559999999999828e-02
8.650000000000000000e+01 -1.342389999999999972e-01 1.402630000000000023e-02
8.670000000000000284e+01 -1.215770000000000045e-01 1.245339999999999989e-02
8.690000000000000568e+01 -1.092319999999999958e-01 9.511959999999999860e-03
8.709999999999999432e+01 -1.011660000000000059e-01 9.293879999999999156e-03
8.729999999999999716e+01 -9.259739999999999638e-02 8.209599999999999190e-03
8.750000000000000000e+01 -8.522040000000000171e-02 6.860419999999999886e-03
8.770000000000000284e+01 -7.825519999999999698e-02 6.744670000000000352e-03
8.790000000000000568e+01 -7.208730000000000693e-02 5.501569999999999898e-03
8.809999999999999432e+01 -6.676959999999999840e-02 4.818260000000000425e-03
8.829999999999999716e+01 -6.161649999999999766e-02 4.616770000000000075e-03
8.850000000000000000e+01 -5.737600000000000339e-02 4.184359999999999816e-03
8.870000000000000284e+01 -5.302099999999999869e-02 3.283639999999999996e-03
8.890000000000000568e+01 -4.946389999999999815e-02 3.087949999999999896e-03
8.909999999999999432e+01 -4.596189999999999998e-02 2.749569999999999792e-03
8.929999999999999716e+01 -4.292180000000000301e-02 2.537259999999999949e-03
8.950000000000000000e+01 -4.012990000000000307e-02 2.349299999999999913e-03
8.970000000000000284e+01 -3.753499999999999892e-02 2.086639999999999849e-03
8.990000000000000568e+01 -3.521529999999999799e-02 1.873620000000000103e-03
