8.201999999999999602e+01 5.315349999999999797e-01 2.641379999999999839e+00
8.206000000000000227e+01 6.472560000000000535e-01 2.676540000000000141e+00
8.209999999999999432e+01 4.991789999999999838e-01 2.491699999999999804e+00
8.214000000000000057e+01 5.685980000000000478e-01 2.566170000000000062e+00
8.218000000000000682e+01 5.297269999999999479e-01 2.383980000000000210e+00
8.221999999999999886e+01 2.034559999999999980e-01 2.089989999999999792e+00
8.226000000000000512e+01 3.533629999999999827e-01 2.239430000000000032e+00
8.229999999999999716e+01 8.971020000000000383e-02 1.949920000000000098e+00
8.229999999999999716e+01 2.597920000000000229e-01 2.074980000000000047e+00
8.234000000000000341e+01 8.962159999999999571e-02 1.915620000000000100e+00
8.237999999999999545e+01 1.409249999999999947e-01 1.923280000000000101e+00
8.242000000000000171e+01 -1.764680000000000068e-02 1.783079999999999998e+00
8.245999999999999375e+01 -6.212580000000000185e-02 1.639599999999999946e+00
8.250000000000000000e+01 -2.836659999999999737e-01 1.480969999999999898e+00
8.250000000000000000e+01 -1.161959999999999937e-01 1.611839999999999939e+00
8.254000000000000625e+01 -2.946230000000000238e-01 1.453589999999999938e+00
8.257999999999999829e+01 -2.555509999999999726e-01 1.454029999999999934e+00
8.262000000000000455e+01 -2.229730000000000045e-01 1.557809999999999917e+00
8.265999999999999659e+01 -3.688179999999999792e-01 1.358200000000000074e+00
8.270000000000000284e+01 -5.678130000000000122e-01 1.058100000000000041e+00
8.270000000000000284e+01 -4.555819999999999870e-01 1.180779999999999941e+00
8.273999999999999488e+01 -6.166209999999999747e-01 9.610980000000000079e-01
8.278000000000000114e+01 -5.625830000000000553e-01 1.082640000000000047e+00
8.281999999999999318e+01 -6.389709999999999557e-01 9.146720000000000406e-01
8.285999999999999943e+01 -6.569559999999999844e-01 9.174879999999999702e-01
8.290000000000000568e+01 -6.462489999999999624e-01 9.412709999999999688e-01
8.290000000000000568e+01 -6.637899999999999912e-01 9.048300000000000232e-01
8.293999999999999773e+01 -7.112000000000000544e-01 7.667629999999999724e-01
8.298000000000000398e+01 -7.008600000000000385e-01 7.379679999999999573e-01
8.301999999999999602e+01 -7.323969999999999647e-01 6.880460000000000464e-01
8.306000000000000227e+01 -7.861780000000000435e-01 5.181189999999999962e-01
8.309999999999999432e+01 -8.114540000000000086e-01 4.965200000000000169e-01
8.309999999999999432e+01 -7.954839999999999689e-01 4.245990000000000042e-01
8.314000000000000057e+01 -8.199969999999999759e-01 3.793989999999999863e-01
8.318000000000000682e+01 -8.212080000000000490e-01 3.373419999999999752e-01
8.321999999999999886e+01 -8.228969999999999896e-01 2.707479999999999887e-01
8.326000000000000512e+01 -8.125959999999999850e-01 2.526269999999999905e-01
8.329999999999999716e+01 -8.085170000000000412e-01 2.102199999999999902e-01
8.329999999999999716e+01 -8.166560000000000485e-01 2.218579999999999997e-01
8.334000000000000341e+01 -7.989159999999999595e-01 1.912129999999999941e-01
8.337999999999999545e+01 -8.080469999999999597e-01 1.738010000000000110e-01
8.342000000000000171e+01 -7.789880000000000138e-01 1.576490000000000113e-01
8.345999999999999375e+01 -7.651820000000000288e-01 1.544099999999999917e-01
8.350000000000000000e+01 -7.584990000000000343e-01 1.341519999999999935e-01
8.350000000000000000e+01 -7.586730000000000418e-01 1.598430000000000129e-01
8.354000000000000625e+01 -7.516789999999999861e-01 1.412110000000000032e-01
8.357999999999999829e+01 -7.325909999999999922e-01 1.283640000000000059e-01
8.362000000000000455e+01 -7.183340000000000281e-01 1.330199999999999994e-01
8.365999999999999659e+01 -6.989260000000000472e-01 1.220760000000000040e-01
8.370000000000000284e+01 -6.842240000000000544e-01 1.183540000000000009e-01
8.370000000000000284e+01 -6.876010000000000177e-01 1.270189999999999930e-01
8.373999999999999488e+01 -6.746870000000000367e-01 1.160169999999999951e-01
8.378000000000000114e+01 -6.462069999999999759e-01 1.184380000000000016e-01
8.381999999999999318e+01 -6.347819999999999574e-01 1.146250000000000047e-01
8.385999999999999943e+01 -6.215829999999999966e-01 1.074319999999999997e-01
8.390000000000000568e+01 -5.969529999999999559e-01 1.126240000000000019e-01
8.390000000000000568e+01 -6.072419999999999485e-01 1.090099999999999958e-01
8.393999999999999773e+01 -5.860819999999999919e-01 1.017330000000000040e-01
8.398000000000000398e+01 -5.701530000000000209e-01 1.012720000000000009e-01
8.409999999999999432e+01 -5.335860000000000047e-01 9.817969999999999475e-02
8.429999999999999716e+01 -4.675230000000000219e-01 7.845249999999999446e-02
8.450000000000000000e+01 -4.102529999999999788e-01 6.718839999999999535e-02
8.470000000000000284e+01 -3.608160000000000256e-01 5.709140000000000048e-02
8.490000000000000568e+01 -3.217530000000000112e-01 5.006680000000000158e-02
8.509999999999999432e+01 -2.792950000000000155e-01 3.872060000000000085e-02
8.529999999999999716e+01 -2.538909999999999778e-01 3.461439999999999656e-02
8.550000000000000000e+01 -2.229959999999999998e-01 2.935569999999999846e-02
8.570000000000000284e+01 -2.014950000000000074e-01 2.480900000000000119e-02
8.590000000000000568e+01 -1.799300000000000066e-01 2.231709999999999944e-02
8.609999999999999432e+01 -1.627389999999999948e-01 1.891810000000000019e-02
8.629999999999999716e+01 -1.470789999999999875e-01 1.566559999999999828e-02
8.650000000000000000e+01 -1.342389999999999972e-01 1.402630000000000023e-02
8.670000000000000284e+01 -1.215770000000000045e-01 1.245339999999999989e-02
8.690000000000000568e+01 -1.092319999999999958e-01 9.511959999999999860e-03
8.709999999999999432e+01 -1.011660000000000059e-01 9.293879999999999156e-03
8.729999999999999716e+01 -9.259739999999999638e-02 8.209599999999999190e-03
8.750000000000000000e+01 -8.522040000000000171e-02 6.860419999999999886e-03
8.770000000000000284e+01 -7.825519999999999698e-02 6.744670000000000352e-03
8.790000000000000568e+01 -7.208730000000000693e-02 5.501569999999999898e-03
8.809999999999999432e+01 -6.676959999999999840e-02 4.818260000000000425e-03
8.829999999999999716e+01 -6.161649999999999766e-02 4.616770000000000075e-03
8.850000000000000000e+01 -5.737600000000000339e-02 4.184359999999999816e-03
8.870000000000000284e+01 -5.302099999999999869e-02 3.283639999999999996e-03
8.890000000000000568e+01 -4.946389999999999815e-02 3.087949999999999896e-03
8.909999999999999432e+01 -4.596189999999999998e-02 2.749569999999999792e-03
8.929999999999999716e+01 -4.292180000000000301e-02 2.537259999999999949e-03
8.950000000000000000e+01 -4.012990000000000307e-02 2.349299999999999913e-03
8.970000000000000284e+01 -3.753499999999999892e-02 2.086639999999999849e-03
8.990000000000000568e+01 -3.521529999999999799e-02 1.873620000000000103e-03
