9.190000000000000568e+01 -2.046149999999999913e-01 1.809039999999999981e+00
9.201999999999999602e+01 -3.970509999999999873e-01 1.737959999999999949e+00
9.209999999999999432e+01 -4.245430000000000037e-01 1.551269999999999927e+00
9.218000000000000682e+01 -4.868999999999999995e-01 1.604670000000000041e+00
9.250000000000000000e+01 -4.996909999999999963e-01 1.457600000000000007e+00
9.257999999999999829e+01 -6.331590000000000273e-01 1.169340000000000046e+00
9.270000000000000284e+01 -6.958830000000000293e-01 8.900479999999999503e-01
9.273999999999999488e+01 -7.659380000000000077e-01 8.533819999999999739e-01
9.281999999999999318e+01 -8.085780000000000189e-01 7.310720000000000551e-01
9.298000000000000398e+01 -8.308990000000000542e-01 5.690359999999999863e-01
9.306000000000000227e+01 -8.478919999999999790e-01 2.634580000000000255e-01
9.309999999999999432e+01 -8.385359999999999481e-01 2.452479999999999938e-01
9.314000000000000057e+01 -8.093620000000000259e-01 2.918339999999999823e-01
9.321999999999999886e+01 -7.976809999999999734e-01 1.998189999999999966e-01
9.329999999999999716e+01 -7.817049999999999832e-01 1.671980000000000133e-01
9.337999999999999545e+01 -7.490609999999999769e-01 1.452299999999999980e-01
9.345999999999999375e+01 -7.291210000000000191e-01 1.321730000000000127e-01
9.350000000000000000e+01 -7.090600000000000236e-01 1.332750000000000046e-01
9.354000000000000625e+01 -6.834700000000000220e-01 1.281529999999999891e-01
9.362000000000000455e+01 -6.593160000000000132e-01 1.259019999999999861e-01
9.370000000000000284e+01 -6.244790000000000063e-01 1.186529999999999946e-01
9.378000000000000114e+01 -5.945669999999999566e-01 1.170240000000000030e-01
9.385999999999999943e+01 -5.621709999999999763e-01 1.041379999999999945e-01
9.390000000000000568e+01 -5.535480000000000400e-01 1.068199999999999983e-01
9.393999999999999773e+01 -5.392489999999999783e-01 1.035360000000000030e-01
9.409999999999999432e+01 -4.862409999999999788e-01 8.979009999999999769e-02
9.429999999999999716e+01 -4.332139999999999880e-01 7.688349999999999351e-02
9.450000000000000000e+01 -3.834000000000000186e-01 6.967660000000000520e-02
9.470000000000000284e+01 -3.337399999999999811e-01 5.510290000000000327e-02
9.490000000000000568e+01 -3.024660000000000126e-01 4.824849999999999972e-02
9.509999999999999432e+01 -2.654670000000000085e-01 3.835360000000000158e-02
9.529999999999999716e+01 -2.372609999999999997e-01 3.264969999999999678e-02
9.550000000000000000e+01 -2.111959999999999948e-01 2.795490000000000128e-02
9.570000000000000284e+01 -1.927909999999999902e-01 2.411080000000000167e-02
9.590000000000000568e+01 -1.746030000000000082e-01 2.149770000000000153e-02
9.609999999999999432e+01 -1.560570000000000013e-01 1.703100000000000100e-02
9.629999999999999716e+01 -1.415109999999999979e-01 1.545550000000000049e-02
9.650000000000000000e+01 -1.275229999999999975e-01 1.289230000000000063e-02
9.670000000000000284e+01 -1.174199999999999966e-01 1.117439999999999926e-02
9.690000000000000568e+01 -1.078500000000000014e-01 9.920770000000000630e-03
9.709999999999999432e+01 -9.888990000000000280e-02 8.612160000000000648e-03
9.729999999999999716e+01 -9.104900000000000493e-02 7.619149999999999881e-03
9.750000000000000000e+01 -8.318230000000000068e-02 6.373110000000000407e-03
9.770000000000000284e+01 -7.667999999999999816e-02 5.936109999999999651e-03
9.790000000000000568e+01 -7.137129999999999863e-02 5.182579999999999999e-03
9.809999999999999432e+01 -6.569079999999999364e-02 4.386100000000000415e-03
9.829999999999999716e+01 -6.067369999999999708e-02 4.025339999999999648e-03
9.850000000000000000e+01 -5.672080000000000177e-02 3.504370000000000141e-03
9.870000000000000284e+01 -5.283480000000000121e-02 3.332040000000000089e-03
9.890000000000000568e+01 -4.892699999999999827e-02 2.964210000000000109e-03
9.909999999999999432e+01 -4.578009999999999718e-02 2.599310000000000075e-03
9.929999999999999716e+01 -4.266489999999999866e-02 2.320369999999999985e-03
9.950000000000000000e+01 -4.002830000000000277e-02 2.217520000000000168e-03
9.970000000000000284e+01 -3.738869999999999694e-02 1.914979999999999937e-03
9.990000000000000568e+01 -3.514699999999999769e-02 1.703000000000000087e-03
1.005000000000000000e+02 -2.905560000000000087e-02 2.542369999999999960e-03
1.015000000000000000e+02 -2.088709999999999872e-02 2.183560000000000188e-03
1.025000000000000000e+02 -1.642410000000000050e-02 1.265140000000000101e-03
1.035000000000000000e+02 -1.347459999999999977e-02 9.052209999999999987e-04
1.045000000000000000e+02 -1.059779999999999923e-02 6.850849999999999908e-04
1.055000000000000000e+02 -8.680999999999999481e-03 5.010499999999999546e-04
1.065000000000000000e+02 -6.830140000000000169e-03 3.104830000000000155e-04
1.075000000000000000e+02 -5.693789999999999789e-03 3.968590000000000030e-04
1.085000000000000000e+02 -4.791519999999999634e-03 2.672589999999999970e-04
1.095000000000000000e+02 -4.001760000000000039e-03 1.898959999999999993e-04
1.105000000000000000e+02 -3.325010000000000205e-03 1.834039999999999943e-04
1.115000000000000000e+02 -2.889539999999999904e-03 1.525859999999999923e-04
1.125000000000000000e+02 -2.479050000000000004e-03 1.029439999999999956e-04
1.135000000000000000e+02 -2.155310000000000125e-03 9.767259999999999723e-05
1.145000000000000000e+02 -1.890650000000000013e-03 6.556330000000000296e-05
1.155000000000000000e+02 -1.633300000000000073e-03 5.988769999999999922e-05
1.165000000000000000e+02 -1.409010000000000037e-03 2.607299999999999923e-05
1.175000000000000000e+02 -1.265290000000000078e-03 4.292709999999999766e-05
1.185000000000000000e+02 -1.129959999999999949e-03 3.956759999999999704e-05
1.195000000000000000e+02 -9.893429999999999499e-04 3.350799999999999834e-05
