9.170000000000000284e+01 1.040650000000000047e-01 2.193909999999999805e+00
9.190000000000000568e+01 -2.046149999999999913e-01 1.809039999999999981e+00
9.201999999999999602e+01 -3.970509999999999873e-01 1.737959999999999949e+00
9.206000000000000227e+01 -3.804100000000000259e-01 1.666709999999999914e+00
9.209999999999999432e+01 -3.182659999999999934e-01 1.660500000000000087e+00
9.209999999999999432e+01 -4.245430000000000037e-01 1.551269999999999927e+00
9.214000000000000057e+01 -4.806779999999999942e-01 1.498299999999999965e+00
9.218000000000000682e+01 -4.868999999999999995e-01 1.604670000000000041e+00
9.221999999999999886e+01 -5.186190000000000522e-01 1.493409999999999904e+00
9.226000000000000512e+01 -6.219409999999999661e-01 1.317569999999999908e+00
9.229999999999999716e+01 -5.233520000000000394e-01 1.398949999999999916e+00
9.229999999999999716e+01 -5.560580000000000522e-01 1.366530000000000022e+00
9.234000000000000341e+01 -5.685829999999999496e-01 1.468480000000000008e+00
9.237999999999999545e+01 -4.273460000000000036e-01 1.598449999999999926e+00
9.242000000000000171e+01 -6.247589999999999533e-01 1.277600000000000069e+00
9.245999999999999375e+01 -5.114039999999999697e-01 1.460800000000000098e+00
9.250000000000000000e+01 -4.996909999999999963e-01 1.457600000000000007e+00
9.250000000000000000e+01 -4.969379999999999908e-01 1.504580000000000028e+00
9.254000000000000625e+01 -5.053189999999999626e-01 1.426299999999999901e+00
9.257999999999999829e+01 -6.331590000000000273e-01 1.169340000000000046e+00
9.262000000000000455e+01 -6.222360000000000113e-01 1.148109999999999964e+00
9.265999999999999659e+01 -7.603929999999999856e-01 8.362899999999999778e-01
9.270000000000000284e+01 -7.942660000000000275e-01 8.195599999999999552e-01
9.270000000000000284e+01 -6.958830000000000293e-01 8.900479999999999503e-01
9.273999999999999488e+01 -7.659380000000000077e-01 8.533819999999999739e-01
9.278000000000000114e+01 -8.531990000000000407e-01 5.889640000000000430e-01
9.281999999999999318e+01 -8.085780000000000189e-01 7.310720000000000551e-01
9.285999999999999943e+01 -8.491429999999999811e-01 5.689760000000000373e-01
9.290000000000000568e+01 -8.399489999999999457e-01 5.488880000000000425e-01
9.290000000000000568e+01 -8.044639999999999569e-01 6.267059999999999853e-01
9.293999999999999773e+01 -8.008549999999999836e-01 6.889119999999999688e-01
9.298000000000000398e+01 -8.308990000000000542e-01 5.690359999999999863e-01
9.301999999999999602e+01 -8.195780000000000287e-01 4.551359999999999850e-01
9.306000000000000227e+01 -8.478919999999999790e-01 2.634580000000000255e-01
9.309999999999999432e+01 -8.375569999999999959e-01 2.515240000000000253e-01
9.309999999999999432e+01 -8.385359999999999481e-01 2.452479999999999938e-01
9.314000000000000057e+01 -8.093620000000000259e-01 2.918339999999999823e-01
9.318000000000000682e+01 -8.145179999999999643e-01 2.464059999999999861e-01
9.321999999999999886e+01 -7.976809999999999734e-01 1.998189999999999966e-01
9.326000000000000512e+01 -7.976180000000000492e-01 1.836760000000000059e-01
9.329999999999999716e+01 -7.874489999999999545e-01 1.621080000000000021e-01
9.329999999999999716e+01 -7.817049999999999832e-01 1.671980000000000133e-01
9.334000000000000341e+01 -7.602579999999999893e-01 1.634150000000000047e-01
9.337999999999999545e+01 -7.490609999999999769e-01 1.452299999999999980e-01
9.342000000000000171e+01 -7.427930000000000366e-01 1.493929999999999980e-01
9.345999999999999375e+01 -7.291210000000000191e-01 1.321730000000000127e-01
9.350000000000000000e+01 -7.090600000000000236e-01 1.332750000000000046e-01
9.350000000000000000e+01 -7.111189999999999456e-01 1.325979999999999936e-01
9.354000000000000625e+01 -6.834700000000000220e-01 1.281529999999999891e-01
9.357999999999999829e+01 -6.698760000000000270e-01 1.309520000000000128e-01
9.362000000000000455e+01 -6.593160000000000132e-01 1.259019999999999861e-01
9.365999999999999659e+01 -6.391360000000000374e-01 1.247869999999999951e-01
9.370000000000000284e+01 -6.244790000000000063e-01 1.186529999999999946e-01
9.370000000000000284e+01 -6.216920000000000224e-01 1.258509999999999907e-01
9.373999999999999488e+01 -6.133229999999999515e-01 1.161240000000000050e-01
9.378000000000000114e+01 -5.945669999999999566e-01 1.170240000000000030e-01
9.381999999999999318e+01 -5.747259999999999591e-01 1.062209999999999960e-01
9.385999999999999943e+01 -5.621709999999999763e-01 1.041379999999999945e-01
9.390000000000000568e+01 -5.535480000000000400e-01 1.068199999999999983e-01
9.390000000000000568e+01 -5.531430000000000513e-01 1.070649999999999935e-01
9.393999999999999773e+01 -5.392489999999999783e-01 1.035360000000000030e-01
9.398000000000000398e+01 -5.395069999999999588e-01 9.877099999999999769e-02
9.409999999999999432e+01 -4.862409999999999788e-01 8.979009999999999769e-02
9.429999999999999716e+01 -4.332139999999999880e-01 7.688349999999999351e-02
9.450000000000000000e+01 -3.834000000000000186e-01 6.967660000000000520e-02
9.470000000000000284e+01 -3.337399999999999811e-01 5.510290000000000327e-02
9.490000000000000568e+01 -3.024660000000000126e-01 4.824849999999999972e-02
9.509999999999999432e+01 -2.654670000000000085e-01 3.835360000000000158e-02
9.529999999999999716e+01 -2.372609999999999997e-01 3.264969999999999678e-02
9.550000000000000000e+01 -2.111959999999999948e-01 2.795490000000000128e-02
9.570000000000000284e+01 -1.927909999999999902e-01 2.411080000000000167e-02
9.590000000000000568e+01 -1.746030000000000082e-01 2.149770000000000153e-02
9.609999999999999432e+01 -1.560570000000000013e-01 1.703100000000000100e-02
9.629999999999999716e+01 -1.415109999999999979e-01 1.545550000000000049e-02
9.650000000000000000e+01 -1.275229999999999975e-01 1.289230000000000063e-02
9.670000000000000284e+01 -1.174199999999999966e-01 1.117439999999999926e-02
9.690000000000000568e+01 -1.078500000000000014e-01 9.920770000000000630e-03
9.709999999999999432e+01 -9.888990000000000280e-02 8.612160000000000648e-03
9.729999999999999716e+01 -9.104900000000000493e-02 7.619149999999999881e-03
9.750000000000000000e+01 -8.318230000000000068e-02 6.373110000000000407e-03
9.770000000000000284e+01 -7.667999999999999816e-02 5.936109999999999651e-03
9.790000000000000568e+01 -7.137129999999999863e-02 5.182579999999999999e-03
9.809999999999999432e+01 -6.569079999999999364e-02 4.386100000000000415e-03
9.829999999999999716e+01 -6.067369999999999708e-02 4.025339999999999648e-03
9.850000000000000000e+01 -5.672080000000000177e-02 3.504370000000000141e-03
9.870000000000000284e+01 -5.283480000000000121e-02 3.332040000000000089e-03
9.890000000000000568e+01 -4.892699999999999827e-02 2.964210000000000109e-03
9.909999999999999432e+01 -4.578009999999999718e-02 2.599310000000000075e-03
9.929999999999999716e+01 -4.266489999999999866e-02 2.320369999999999985e-03
9.950000000000000000e+01 -4.002830000000000277e-02 2.217520000000000168e-03
9.970000000000000284e+01 -3.738869999999999694e-02 1.914979999999999937e-03
9.990000000000000568e+01 -3.514699999999999769e-02 1.703000000000000087e-03
