1.024200000000000017e+02 -2.429870000000000085e-01 1.062489999999999934e+00
1.025799999999999983e+02 -2.900989999999999958e-01 1.060629999999999962e+00
1.026599999999999966e+02 -3.358400000000000274e-01 9.392519999999999758e-01
1.027000000000000028e+02 -3.515929999999999889e-01 9.416510000000000158e-01
1.027399999999999949e+02 -4.222420000000000062e-01 8.323270000000000390e-01
1.028199999999999932e+02 -4.971679999999999988e-01 6.280160000000000187e-01
1.029000000000000057e+02 -5.395100000000000451e-01 5.886010000000000408e-01
1.029800000000000040e+02 -5.729180000000000383e-01 4.330860000000000265e-01
1.030600000000000023e+02 -6.070480000000000320e-01 3.338860000000000161e-01
1.031400000000000006e+02 -6.145129999999999759e-01 2.698400000000000243e-01
1.032199999999999989e+02 -5.987240000000000339e-01 2.273429999999999895e-01
1.033799999999999955e+02 -5.949879999999999614e-01 1.158990000000000020e-01
1.034599999999999937e+02 -5.842929999999999513e-01 1.083940000000000042e-01
1.035000000000000000e+02 -5.698940000000000117e-01 1.018339999999999940e-01
1.035400000000000063e+02 -5.559039999999999537e-01 9.628369999999999984e-02
1.036200000000000045e+02 -5.418610000000000371e-01 9.045659999999999812e-02
1.037000000000000028e+02 -5.171980000000000466e-01 8.927169999999999550e-02
1.037800000000000011e+02 -4.928359999999999963e-01 8.796400000000000052e-02
1.038599999999999994e+02 -4.665900000000000047e-01 8.093820000000000181e-02
1.039000000000000057e+02 -4.533539999999999792e-01 8.226849999999999441e-02
1.039399999999999977e+02 -4.472360000000000224e-01 7.792949999999999877e-02
1.040999999999999943e+02 -3.982470000000000176e-01 7.118309999999999915e-02
1.042999999999999972e+02 -3.563189999999999968e-01 6.075980000000000270e-02
1.045000000000000000e+02 -3.120930000000000093e-01 4.940560000000000090e-02
1.047000000000000028e+02 -2.755369999999999764e-01 4.335259999999999808e-02
1.049000000000000057e+02 -2.419969999999999899e-01 3.648620000000000335e-02
1.050999999999999943e+02 -2.169899999999999884e-01 3.041100000000000053e-02
1.052999999999999972e+02 -1.935649999999999871e-01 2.529599999999999904e-02
1.055000000000000000e+02 -1.744799999999999962e-01 2.253720000000000029e-02
1.057000000000000028e+02 -1.551240000000000119e-01 1.986059999999999909e-02
1.059000000000000057e+02 -1.396169999999999911e-01 1.613720000000000085e-02
1.060999999999999943e+02 -1.255560000000000009e-01 1.425900000000000084e-02
1.062999999999999972e+02 -1.141250000000000042e-01 1.143850000000000075e-02
1.065000000000000000e+02 -1.031620000000000037e-01 1.091999999999999915e-02
1.067000000000000028e+02 -9.484289999999999388e-02 9.164959999999999773e-03
1.069000000000000057e+02 -8.550090000000000467e-02 7.746669999999999771e-03
1.070999999999999943e+02 -7.884910000000000529e-02 6.568019999999999935e-03
1.072999999999999972e+02 -7.191089999999999982e-02 5.788100000000000016e-03
1.075000000000000000e+02 -6.647519999999999818e-02 5.211679999999999785e-03
1.077000000000000028e+02 -6.088539999999999924e-02 4.741829999999999830e-03
1.079000000000000057e+02 -5.617180000000000090e-02 4.340680000000000406e-03
1.080999999999999943e+02 -5.214649999999999841e-02 3.760610000000000168e-03
1.082999999999999972e+02 -4.835620000000000196e-02 3.152499999999999920e-03
1.085000000000000000e+02 -4.475169999999999842e-02 2.866200000000000171e-03
1.087000000000000028e+02 -4.141439999999999705e-02 2.660500000000000104e-03
1.089000000000000057e+02 -3.859409999999999924e-02 2.395829999999999835e-03
1.090999999999999943e+02 -3.608410000000000090e-02 2.164269999999999822e-03
1.092999999999999972e+02 -3.375159999999999966e-02 1.910280000000000094e-03
1.095000000000000000e+02 -3.137759999999999855e-02 1.683859999999999914e-03
1.097000000000000028e+02 -2.955429999999999863e-02 1.460750000000000026e-03
1.099000000000000057e+02 -2.760369999999999838e-02 1.485470000000000020e-03
