1.025799999999999983e+02 -2.900989999999999958e-01 1.060629999999999962e+00
1.026599999999999966e+02 -3.358400000000000274e-01 9.392519999999999758e-01
1.027000000000000028e+02 -3.515929999999999889e-01 9.416510000000000158e-01
1.027399999999999949e+02 -4.222420000000000062e-01 8.323270000000000390e-01
1.028199999999999932e+02 -4.971679999999999988e-01 6.280160000000000187e-01
1.029000000000000057e+02 -5.395100000000000451e-01 5.886010000000000408e-01
1.029800000000000040e+02 -5.729180000000000383e-01 4.330860000000000265e-01
1.030999999999999943e+02 -6.003990000000000160e-01 3.118670000000000053e-01
1.031400000000000006e+02 -6.145129999999999759e-01 2.698400000000000243e-01
1.032199999999999989e+02 -5.987240000000000339e-01 2.273429999999999895e-01
1.033799999999999955e+02 -5.949879999999999614e-01 1.158990000000000020e-01
1.034599999999999937e+02 -5.842929999999999513e-01 1.083940000000000042e-01
1.035000000000000000e+02 -5.698940000000000117e-01 1.018339999999999940e-01
1.035400000000000063e+02 -5.559039999999999537e-01 9.628369999999999984e-02
1.036200000000000045e+02 -5.418610000000000371e-01 9.045659999999999812e-02
1.037000000000000028e+02 -5.171980000000000466e-01 8.927169999999999550e-02
1.037800000000000011e+02 -4.928359999999999963e-01 8.796400000000000052e-02
1.038599999999999994e+02 -4.665900000000000047e-01 8.093820000000000181e-02
1.039000000000000057e+02 -4.533539999999999792e-01 8.226849999999999441e-02
1.039399999999999977e+02 -4.472360000000000224e-01 7.792949999999999877e-02
1.040999999999999943e+02 -3.982470000000000176e-01 7.118309999999999915e-02
1.042999999999999972e+02 -3.563189999999999968e-01 6.075980000000000270e-02
1.045000000000000000e+02 -3.120930000000000093e-01 4.940560000000000090e-02
1.047000000000000028e+02 -2.755369999999999764e-01 4.335259999999999808e-02
1.049000000000000057e+02 -2.419969999999999899e-01 3.648620000000000335e-02
1.050999999999999943e+02 -2.169899999999999884e-01 3.041100000000000053e-02
1.052999999999999972e+02 -1.935649999999999871e-01 2.529599999999999904e-02
1.055000000000000000e+02 -1.744799999999999962e-01 2.253720000000000029e-02
1.057000000000000028e+02 -1.551240000000000119e-01 1.986059999999999909e-02
1.059000000000000057e+02 -1.396169999999999911e-01 1.613720000000000085e-02
1.060999999999999943e+02 -1.255560000000000009e-01 1.425900000000000084e-02
1.062999999999999972e+02 -1.141250000000000042e-01 1.143850000000000075e-02
1.065000000000000000e+02 -1.031620000000000037e-01 1.091999999999999915e-02
1.067000000000000028e+02 -9.484289999999999388e-02 9.164959999999999773e-03
1.069000000000000057e+02 -8.550090000000000467e-02 7.746669999999999771e-03
1.070999999999999943e+02 -7.884910000000000529e-02 6.568019999999999935e-03
1.072999999999999972e+02 -7.191089999999999982e-02 5.788100000000000016e-03
1.075000000000000000e+02 -6.647519999999999818e-02 5.211679999999999785e-03
1.077000000000000028e+02 -6.088539999999999924e-02 4.741829999999999830e-03
1.079000000000000057e+02 -5.617180000000000090e-02 4.340680000000000406e-03
1.080999999999999943e+02 -5.214649999999999841e-02 3.760610000000000168e-03
1.082999999999999972e+02 -4.835620000000000196e-02 3.152499999999999920e-03
1.085000000000000000e+02 -4.475169999999999842e-02 2.866200000000000171e-03
1.087000000000000028e+02 -4.141439999999999705e-02 2.660500000000000104e-03
1.089000000000000057e+02 -3.859409999999999924e-02 2.395829999999999835e-03
1.090999999999999943e+02 -3.608410000000000090e-02 2.164269999999999822e-03
1.092999999999999972e+02 -3.375159999999999966e-02 1.910280000000000094e-03
1.095000000000000000e+02 -3.137759999999999855e-02 1.683859999999999914e-03
1.097000000000000028e+02 -2.955429999999999863e-02 1.460750000000000026e-03
1.099000000000000057e+02 -2.760369999999999838e-02 1.485470000000000020e-03
1.105000000000000000e+02 -2.334210000000000104e-02 1.803260000000000106e-03
1.115000000000000000e+02 -1.671649999999999872e-02 1.635850000000000108e-03
1.125000000000000000e+02 -1.265900000000000011e-02 9.048489999999999962e-04
1.135000000000000000e+02 -1.038170000000000065e-02 6.534989999999999853e-04
1.145000000000000000e+02 -8.278219999999999329e-03 5.138220000000000417e-04
1.155000000000000000e+02 -6.614440000000000076e-03 3.957219999999999900e-04
1.165000000000000000e+02 -5.344609999999999639e-03 1.961330000000000007e-04
1.175000000000000000e+02 -4.405830000000000336e-03 2.702970000000000177e-04
1.185000000000000000e+02 -3.769499999999999847e-03 2.222090000000000133e-04
1.195000000000000000e+02 -3.107879999999999931e-03 1.345779999999999980e-04
1.205000000000000000e+02 -2.592450000000000049e-03 1.586190000000000072e-04
1.215000000000000000e+02 -2.248840000000000214e-03 1.178139999999999938e-04
1.225000000000000000e+02 -1.951370000000000014e-03 8.274409999999999946e-05
1.235000000000000000e+02 -1.679099999999999994e-03 7.793210000000000556e-05
1.245000000000000000e+02 -1.476810000000000058e-03 4.975550000000000160e-05
1.255000000000000000e+02 -1.277090000000000039e-03 4.993170000000000171e-05
1.265000000000000000e+02 -1.107099999999999968e-03 2.398000000000000080e-05
1.275000000000000000e+02 -1.001939999999999992e-03 3.707999999999999735e-05
1.285000000000000000e+02 -8.962529999999999586e-04 3.106309999999999741e-05
1.295000000000000000e+02 -7.810179999999999683e-04 2.754040000000000147e-05
