3.257999999999999829e+01 -2.296759999999999913e-01 8.956800000000000317e-01
3.265999999999999659e+01 -2.954800000000000204e-01 8.122719999999999940e-01
3.270000000000000284e+01 -3.943900000000000183e-01 6.668410000000000171e-01
3.274000000000000199e+01 -3.964050000000000074e-01 6.646969999999999823e-01
3.282000000000000028e+01 -4.694380000000000219e-01 5.509939999999999838e-01
3.289999999999999858e+01 -4.789120000000000044e-01 4.957909999999999817e-01
3.297999999999999687e+01 -4.859330000000000038e-01 4.291159999999999974e-01
3.310000000000000142e+01 -5.118030000000000079e-01 2.960380000000000233e-01
3.314000000000000057e+01 -5.453759999999999719e-01 1.865890000000000049e-01
3.321999999999999886e+01 -5.375109999999999610e-01 1.665739999999999998e-01
3.329999999999999716e+01 -5.288549999999999640e-01 1.259119999999999961e-01
3.338000000000000256e+01 -5.079890000000000239e-01 1.163600000000000051e-01
3.346000000000000085e+01 -4.989100000000000201e-01 1.065170000000000006e-01
3.350000000000000000e+01 -4.876170000000000226e-01 1.063500000000000001e-01
3.353999999999999915e+01 -4.759909999999999974e-01 1.012559999999999988e-01
3.361999999999999744e+01 -4.563039999999999874e-01 9.793720000000000203e-02
3.370000000000000284e+01 -4.339600000000000124e-01 9.004959999999999354e-02
3.378000000000000114e+01 -4.129430000000000045e-01 8.960089999999999721e-02
3.385999999999999943e+01 -3.964900000000000091e-01 7.899749999999999828e-02
3.389999999999999858e+01 -3.842459999999999765e-01 8.644179999999999919e-02
3.393999999999999773e+01 -3.781729999999999814e-01 8.147609999999999575e-02
3.410000000000000142e+01 -3.372189999999999910e-01 7.143620000000000525e-02
3.429999999999999716e+01 -2.936170000000000169e-01 6.024229999999999863e-02
3.450000000000000000e+01 -2.601269999999999971e-01 5.340460000000000346e-02
3.470000000000000284e+01 -2.251650000000000040e-01 4.165889999999999871e-02
3.489999999999999858e+01 -2.012110000000000010e-01 3.493720000000000159e-02
3.510000000000000142e+01 -1.768909999999999927e-01 3.096580000000000166e-02
3.529999999999999716e+01 -1.542759999999999965e-01 2.542530000000000137e-02
3.550000000000000000e+01 -1.400830000000000131e-01 2.184029999999999999e-02
3.570000000000000284e+01 -1.234520000000000062e-01 1.850349999999999911e-02
3.589999999999999858e+01 -1.104740000000000028e-01 1.507969999999999970e-02
3.610000000000000142e+01 -9.855350000000000221e-02 1.321669999999999963e-02
3.629999999999999716e+01 -8.801299999999999402e-02 1.120930000000000017e-02
3.650000000000000000e+01 -8.104169999999999430e-02 1.000060000000000011e-02
3.670000000000000284e+01 -7.386460000000000248e-02 8.976980000000000723e-03
3.689999999999999858e+01 -6.601170000000000648e-02 7.667539999999999599e-03
3.710000000000000142e+01 -6.046320000000000167e-02 6.363409999999999900e-03
3.729999999999999716e+01 -5.493880000000000291e-02 6.139890000000000278e-03
3.750000000000000000e+01 -5.041860000000000092e-02 5.283790000000000014e-03
3.770000000000000284e+01 -4.619170000000000220e-02 4.609629999999999977e-03
3.789999999999999858e+01 -4.241430000000000200e-02 3.744260000000000123e-03
3.810000000000000142e+01 -3.884730000000000127e-02 3.446879999999999823e-03
3.829999999999999716e+01 -3.600769999999999665e-02 3.088979999999999851e-03
3.850000000000000000e+01 -3.304689999999999711e-02 2.732029999999999875e-03
3.870000000000000284e+01 -3.066750000000000032e-02 2.573380000000000112e-03
3.889999999999999858e+01 -2.835029999999999842e-02 2.093719999999999869e-03
3.910000000000000142e+01 -2.631019999999999887e-02 2.018629999999999990e-03
3.929999999999999716e+01 -2.462150000000000102e-02 1.746989999999999914e-03
3.950000000000000000e+01 -2.286919999999999925e-02 1.639379999999999961e-03
3.970000000000000284e+01 -2.127570000000000155e-02 1.437630000000000071e-03
3.989999999999999858e+01 -1.976440000000000141e-02 1.371119999999999978e-03
4.050000000000000000e+01 -1.609259999999999857e-02 1.858580000000000084e-03
4.150000000000000000e+01 -1.175919999999999917e-02 1.333360000000000014e-03
4.250000000000000000e+01 -8.487150000000000596e-03 8.223290000000000070e-04
4.350000000000000000e+01 -6.814019999999999626e-03 5.940729999999999752e-04
4.450000000000000000e+01 -5.280349999999999627e-03 4.011740000000000184e-04
4.550000000000000000e+01 -4.167689999999999936e-03 3.297829999999999967e-04
4.650000000000000000e+01 -3.229099999999999939e-03 1.681809999999999946e-04
4.750000000000000000e+01 -2.651249999999999961e-03 1.585780000000000121e-04
4.850000000000000000e+01 -2.166630000000000118e-03 1.382889999999999901e-04
4.950000000000000000e+01 -1.755810000000000010e-03 8.406460000000000148e-05
5.050000000000000000e+01 -1.423280000000000075e-03 8.970380000000000671e-05
5.150000000000000000e+01 -1.218630000000000060e-03 7.209860000000000118e-05
5.250000000000000000e+01 -1.031669999999999940e-03 5.109360000000000155e-05
5.350000000000000000e+01 -8.648539999999999700e-04 4.665109999999999792e-05
5.450000000000000000e+01 -7.495839999999999708e-04 3.219880000000000078e-05
5.550000000000000000e+01 -6.357739999999999746e-04 2.602539999999999988e-05
5.650000000000000000e+01 -5.284019999999999733e-04 1.258810000000000065e-05
5.750000000000000000e+01 -4.733609999999999966e-04 2.411329999999999832e-05
5.850000000000000000e+01 -4.143269999999999787e-04 1.852359999999999998e-05
5.950000000000000000e+01 -3.541369999999999739e-04 1.251129999999999997e-05
