4.202000000000000313e+01 -4.343260000000000176e-02 1.371690000000000076e+00
4.206000000000000227e+01 -7.574889999999999401e-02 1.221770000000000023e+00
4.210000000000000142e+01 -8.625489999999999546e-02 1.315239999999999965e+00
4.214000000000000057e+01 -2.188980000000000092e-01 1.178860000000000019e+00
4.217999999999999972e+01 -2.124810000000000032e-01 1.174050000000000038e+00
4.221999999999999886e+01 -1.875429999999999875e-01 1.163550000000000084e+00
4.225999999999999801e+01 -2.611229999999999940e-01 1.059590000000000032e+00
4.229999999999999716e+01 -2.561669999999999781e-01 1.072920000000000096e+00
4.234000000000000341e+01 -3.240290000000000115e-01 1.002050000000000107e+00
4.238000000000000256e+01 -2.482669999999999877e-01 1.035039999999999960e+00
4.242000000000000171e+01 -3.013159999999999727e-01 1.001900000000000013e+00
4.246000000000000085e+01 -3.381540000000000101e-01 9.414010000000000433e-01
4.250000000000000000e+01 -3.329219999999999957e-01 9.559189999999999632e-01
4.250000000000000000e+01 -3.081659999999999955e-01 9.307839999999999447e-01
4.253999999999999915e+01 -3.757829999999999782e-01 8.641809999999999770e-01
4.257999999999999829e+01 -3.464320000000000177e-01 9.488590000000000080e-01
4.261999999999999744e+01 -3.551969999999999850e-01 8.418080000000000007e-01
4.265999999999999659e+01 -4.092600000000000127e-01 7.524100000000000232e-01
4.270000000000000284e+01 -3.728799999999999892e-01 8.570990000000000553e-01
4.270000000000000284e+01 -3.449690000000000256e-01 8.697279999999999456e-01
4.274000000000000199e+01 -4.615489999999999871e-01 6.883610000000000007e-01
4.278000000000000114e+01 -4.739700000000000024e-01 6.567420000000000480e-01
4.282000000000000028e+01 -4.701980000000000048e-01 6.109470000000000178e-01
4.285999999999999943e+01 -4.305999999999999828e-01 7.215430000000000454e-01
4.289999999999999858e+01 -4.667279999999999762e-01 6.730030000000000179e-01
4.289999999999999858e+01 -4.030329999999999746e-01 7.635380000000000500e-01
4.293999999999999773e+01 -4.422969999999999957e-01 6.240510000000000224e-01
4.297999999999999687e+01 -4.846900000000000097e-01 4.651080000000000214e-01
4.302000000000000313e+01 -4.698140000000000094e-01 5.530580000000000496e-01
4.306000000000000227e+01 -4.872500000000000164e-01 4.743419999999999859e-01
4.310000000000000142e+01 -5.119089999999999474e-01 3.783560000000000256e-01
4.310000000000000142e+01 -5.264959999999999640e-01 3.472250000000000059e-01
4.314000000000000057e+01 -5.016389999999999461e-01 4.119340000000000224e-01
4.317999999999999972e+01 -5.114030000000000520e-01 2.663809999999999789e-01
4.321999999999999886e+01 -5.269470000000000542e-01 2.490020000000000011e-01
4.325999999999999801e+01 -5.169080000000000341e-01 2.210100000000000120e-01
4.329999999999999716e+01 -5.126610000000000333e-01 1.947619999999999907e-01
4.329999999999999716e+01 -5.091649999999999787e-01 1.901690000000000047e-01
4.334000000000000341e+01 -5.113370000000000415e-01 1.825569999999999971e-01
4.338000000000000256e+01 -5.087150000000000283e-01 1.032829999999999998e-01
4.342000000000000171e+01 -4.982650000000000134e-01 1.122960000000000069e-01
4.346000000000000085e+01 -4.920599999999999974e-01 1.041569999999999996e-01
4.350000000000000000e+01 -4.870450000000000057e-01 9.036890000000000200e-02
4.350000000000000000e+01 -4.876690000000000191e-01 1.015279999999999933e-01
4.353999999999999915e+01 -4.747569999999999846e-01 8.997650000000000092e-02
4.357999999999999829e+01 -4.629199999999999982e-01 8.790439999999999365e-02
4.361999999999999744e+01 -4.499830000000000219e-01 8.467819999999999514e-02
4.365999999999999659e+01 -4.464870000000000227e-01 8.282670000000000310e-02
4.370000000000000284e+01 -4.368879999999999986e-01 7.951149999999999884e-02
4.370000000000000284e+01 -4.404660000000000242e-01 8.277170000000000361e-02
4.374000000000000199e+01 -4.257460000000000133e-01 7.401339999999999308e-02
4.378000000000000114e+01 -4.199180000000000135e-01 7.618070000000000397e-02
4.382000000000000028e+01 -4.093040000000000012e-01 7.228039999999999465e-02
4.385999999999999943e+01 -3.993800000000000128e-01 7.254030000000000200e-02
4.389999999999999858e+01 -3.917149999999999799e-01 6.910120000000000151e-02
4.389999999999999858e+01 -3.942979999999999818e-01 6.979609999999999981e-02
4.393999999999999773e+01 -3.812590000000000146e-01 6.936839999999999673e-02
4.397999999999999687e+01 -3.707349999999999812e-01 6.813489999999999824e-02
4.410000000000000142e+01 -3.487000000000000099e-01 6.510559999999999958e-02
4.429999999999999716e+01 -3.031639999999999890e-01 5.859020000000000200e-02
4.450000000000000000e+01 -2.697860000000000258e-01 4.986809999999999854e-02
4.470000000000000284e+01 -2.370410000000000017e-01 3.812229999999999785e-02
4.489999999999999858e+01 -2.117360000000000075e-01 3.337099999999999789e-02
4.510000000000000142e+01 -1.836009999999999864e-01 2.804359999999999839e-02
4.529999999999999716e+01 -1.629099999999999993e-01 2.391269999999999854e-02
4.550000000000000000e+01 -1.477559999999999985e-01 2.110909999999999870e-02
4.570000000000000284e+01 -1.320449999999999957e-01 1.781579999999999969e-02
4.589999999999999858e+01 -1.189159999999999939e-01 1.474490000000000002e-02
4.610000000000000142e+01 -1.070350000000000051e-01 1.247129999999999940e-02
4.629999999999999716e+01 -9.519400000000000084e-02 1.062090000000000083e-02
4.650000000000000000e+01 -8.716240000000000099e-02 8.872249999999999928e-03
4.670000000000000284e+01 -7.879949999999999455e-02 8.053730000000000264e-03
4.689999999999999858e+01 -7.301979999999999582e-02 7.359919999999999830e-03
4.710000000000000142e+01 -6.583749999999999325e-02 6.306879999999999951e-03
4.729999999999999716e+01 -6.064279999999999671e-02 5.217829999999999691e-03
4.750000000000000000e+01 -5.510179999999999939e-02 4.492209999999999953e-03
4.770000000000000284e+01 -5.095809999999999923e-02 4.016310000000000366e-03
4.789999999999999858e+01 -4.659859999999999697e-02 3.636719999999999970e-03
4.810000000000000142e+01 -4.323830000000000034e-02 3.056510000000000130e-03
4.829999999999999716e+01 -3.981590000000000129e-02 2.660739999999999980e-03
4.850000000000000000e+01 -3.672729999999999745e-02 2.335750000000000152e-03
4.870000000000000284e+01 -3.410320000000000018e-02 2.044030000000000066e-03
4.889999999999999858e+01 -3.176339999999999719e-02 2.000399999999999835e-03
4.910000000000000142e+01 -2.942880000000000149e-02 1.707020000000000065e-03
4.929999999999999716e+01 -2.739499999999999921e-02 1.585000000000000037e-03
4.950000000000000000e+01 -2.558159999999999948e-02 1.412660000000000044e-03
4.970000000000000284e+01 -2.400439999999999865e-02 1.278969999999999933e-03
4.989999999999999858e+01 -2.233950000000000172e-02 1.231740000000000048e-03
