4.217999999999999972e+01 -2.124810000000000032e-01 1.174050000000000038e+00
4.225999999999999801e+01 -2.611229999999999940e-01 1.059590000000000032e+00
4.242000000000000171e+01 -3.013159999999999727e-01 1.001900000000000013e+00
4.250000000000000000e+01 -3.329219999999999957e-01 9.559189999999999632e-01
4.257999999999999829e+01 -3.464320000000000177e-01 9.488590000000000080e-01
4.270000000000000284e+01 -3.728799999999999892e-01 8.570990000000000553e-01
4.289999999999999858e+01 -4.030329999999999746e-01 7.635380000000000500e-01
4.297999999999999687e+01 -4.846900000000000097e-01 4.651080000000000214e-01
4.306000000000000227e+01 -4.872500000000000164e-01 4.743419999999999859e-01
4.314000000000000057e+01 -5.016389999999999461e-01 4.119340000000000224e-01
4.321999999999999886e+01 -5.269470000000000542e-01 2.490020000000000011e-01
4.329999999999999716e+01 -5.126610000000000333e-01 1.947619999999999907e-01
4.338000000000000256e+01 -5.087150000000000283e-01 1.032829999999999998e-01
4.346000000000000085e+01 -4.920599999999999974e-01 1.041569999999999996e-01
4.350000000000000000e+01 -4.876690000000000191e-01 1.015279999999999933e-01
4.353999999999999915e+01 -4.747569999999999846e-01 8.997650000000000092e-02
4.361999999999999744e+01 -4.499830000000000219e-01 8.467819999999999514e-02
4.370000000000000284e+01 -4.368879999999999986e-01 7.951149999999999884e-02
4.378000000000000114e+01 -4.199180000000000135e-01 7.618070000000000397e-02
4.385999999999999943e+01 -3.993800000000000128e-01 7.254030000000000200e-02
4.389999999999999858e+01 -3.942979999999999818e-01 6.979609999999999981e-02
4.393999999999999773e+01 -3.812590000000000146e-01 6.936839999999999673e-02
4.410000000000000142e+01 -3.487000000000000099e-01 6.510559999999999958e-02
4.429999999999999716e+01 -3.031639999999999890e-01 5.859020000000000200e-02
4.450000000000000000e+01 -2.697860000000000258e-01 4.986809999999999854e-02
4.470000000000000284e+01 -2.370410000000000017e-01 3.812229999999999785e-02
4.489999999999999858e+01 -2.117360000000000075e-01 3.337099999999999789e-02
4.510000000000000142e+01 -1.836009999999999864e-01 2.804359999999999839e-02
4.529999999999999716e+01 -1.629099999999999993e-01 2.391269999999999854e-02
4.550000000000000000e+01 -1.477559999999999985e-01 2.110909999999999870e-02
4.570000000000000284e+01 -1.320449999999999957e-01 1.781579999999999969e-02
4.589999999999999858e+01 -1.189159999999999939e-01 1.474490000000000002e-02
4.610000000000000142e+01 -1.070350000000000051e-01 1.247129999999999940e-02
4.629999999999999716e+01 -9.519400000000000084e-02 1.062090000000000083e-02
4.650000000000000000e+01 -8.716240000000000099e-02 8.872249999999999928e-03
4.670000000000000284e+01 -7.879949999999999455e-02 8.053730000000000264e-03
4.689999999999999858e+01 -7.301979999999999582e-02 7.359919999999999830e-03
4.710000000000000142e+01 -6.583749999999999325e-02 6.306879999999999951e-03
4.729999999999999716e+01 -6.064279999999999671e-02 5.217829999999999691e-03
4.750000000000000000e+01 -5.510179999999999939e-02 4.492209999999999953e-03
4.770000000000000284e+01 -5.095809999999999923e-02 4.016310000000000366e-03
4.789999999999999858e+01 -4.659859999999999697e-02 3.636719999999999970e-03
4.810000000000000142e+01 -4.323830000000000034e-02 3.056510000000000130e-03
4.829999999999999716e+01 -3.981590000000000129e-02 2.660739999999999980e-03
4.850000000000000000e+01 -3.672729999999999745e-02 2.335750000000000152e-03
4.870000000000000284e+01 -3.410320000000000018e-02 2.044030000000000066e-03
4.889999999999999858e+01 -3.176339999999999719e-02 2.000399999999999835e-03
4.910000000000000142e+01 -2.942880000000000149e-02 1.707020000000000065e-03
4.929999999999999716e+01 -2.739499999999999921e-02 1.585000000000000037e-03
4.950000000000000000e+01 -2.558159999999999948e-02 1.412660000000000044e-03
4.970000000000000284e+01 -2.400439999999999865e-02 1.278969999999999933e-03
4.989999999999999858e+01 -2.233950000000000172e-02 1.231740000000000048e-03
5.050000000000000000e+01 -1.860960000000000045e-02 2.135779999999999883e-03
5.150000000000000000e+01 -1.326369999999999980e-02 1.315710000000000100e-03
5.250000000000000000e+01 -9.991800000000000334e-03 8.592849999999999967e-04
5.350000000000000000e+01 -7.833619999999999473e-03 6.033650000000000211e-04
5.450000000000000000e+01 -6.117319999999999876e-03 4.386409999999999767e-04
5.550000000000000000e+01 -4.908690000000000275e-03 2.839380000000000181e-04
5.650000000000000000e+01 -3.860950000000000146e-03 2.304049999999999870e-04
5.750000000000000000e+01 -3.193070000000000110e-03 2.005280000000000018e-04
5.850000000000000000e+01 -2.640650000000000028e-03 1.456870000000000029e-04
5.950000000000000000e+01 -2.168900000000000081e-03 1.107699999999999982e-04
6.050000000000000000e+01 -1.756050000000000102e-03 9.425629999999999404e-05
6.150000000000000000e+01 -1.510330000000000049e-03 6.755490000000000605e-05
6.250000000000000000e+01 -1.271699999999999957e-03 5.760059999999999871e-05
6.350000000000000000e+01 -1.083240000000000071e-03 5.398250000000000027e-05
6.450000000000000000e+01 -9.466480000000000207e-04 3.283149999999999898e-05
6.550000000000000000e+01 -8.033959999999999496e-04 2.665729999999999971e-05
6.650000000000000000e+01 -6.831499999999999899e-04 1.806869999999999863e-05
6.750000000000000000e+01 -6.151260000000000191e-04 2.320189999999999888e-05
6.850000000000000000e+01 -5.367660000000000443e-04 2.455920000000000027e-05
6.950000000000000000e+01 -4.642830000000000134e-04 1.873189999999999933e-05
