5.257999999999999829e+01 -2.411449999999999982e-01 1.232089999999999907e+00
5.265999999999999659e+01 -2.970949999999999980e-01 1.051770000000000094e+00
5.270000000000000284e+01 -3.046459999999999724e-01 1.026310000000000056e+00
5.278000000000000114e+01 -3.977939999999999809e-01 8.203859999999999486e-01
5.285999999999999943e+01 -4.016529999999999823e-01 7.847899999999999876e-01
5.289999999999999858e+01 -4.105329999999999813e-01 7.501219999999999555e-01
5.293999999999999773e+01 -4.480520000000000058e-01 6.336699999999999555e-01
5.302000000000000313e+01 -5.473609999999999864e-01 4.132870000000000155e-01
5.310000000000000142e+01 -5.476410000000000444e-01 3.305270000000000152e-01
5.314000000000000057e+01 -5.662000000000000366e-01 2.932629999999999959e-01
5.321999999999999886e+01 -5.832559999999999967e-01 1.959589999999999943e-01
5.329999999999999716e+01 -5.713160000000000460e-01 1.375979999999999981e-01
5.338000000000000256e+01 -5.605050000000000310e-01 1.245669999999999972e-01
5.346000000000000085e+01 -5.531319999999999570e-01 1.039599999999999969e-01
5.350000000000000000e+01 -5.384780000000000122e-01 9.833079999999999599e-02
5.353999999999999915e+01 -5.253809999999999869e-01 9.762529999999999819e-02
5.361999999999999744e+01 -5.110620000000000163e-01 8.641469999999999707e-02
5.370000000000000284e+01 -4.863410000000000233e-01 8.487820000000000087e-02
5.378000000000000114e+01 -4.723680000000000101e-01 7.996409999999999629e-02
5.385999999999999943e+01 -4.452949999999999964e-01 7.858650000000000357e-02
5.389999999999999858e+01 -4.260999999999999788e-01 7.626629999999999521e-02
5.397999999999999687e+01 -4.109689999999999732e-01 7.130390000000000339e-02
5.410000000000000142e+01 -3.804029999999999911e-01 6.771430000000000504e-02
5.429999999999999716e+01 -3.365639999999999743e-01 6.032379999999999687e-02
5.450000000000000000e+01 -2.950940000000000230e-01 5.041289999999999660e-02
5.470000000000000284e+01 -2.626140000000000141e-01 4.311190000000000161e-02
5.489999999999999858e+01 -2.277530000000000110e-01 3.475369999999999848e-02
5.510000000000000142e+01 -2.024179999999999868e-01 2.992509999999999962e-02
5.529999999999999716e+01 -1.817799999999999971e-01 2.562209999999999835e-02
5.550000000000000000e+01 -1.611799999999999899e-01 2.181759999999999949e-02
5.570000000000000284e+01 -1.440970000000000029e-01 1.894049999999999900e-02
5.589999999999999858e+01 -1.293219999999999925e-01 1.462980000000000010e-02
5.610000000000000142e+01 -1.150909999999999989e-01 1.293930000000000080e-02
5.629999999999999716e+01 -1.049329999999999985e-01 1.148129999999999984e-02
5.650000000000000000e+01 -9.492309999999999637e-02 9.917350000000000124e-03
5.670000000000000284e+01 -8.594999999999999862e-02 8.205580000000000512e-03
5.689999999999999858e+01 -7.821279999999999899e-02 7.083700000000000066e-03
5.710000000000000142e+01 -7.130430000000000101e-02 6.066629999999999939e-03
5.729999999999999716e+01 -6.548740000000000117e-02 5.622059999999999905e-03
5.750000000000000000e+01 -5.975670000000000287e-02 4.804349999999999767e-03
5.770000000000000284e+01 -5.477180000000000243e-02 4.152239999999999751e-03
5.789999999999999858e+01 -5.058760000000000340e-02 3.638540000000000003e-03
5.810000000000000142e+01 -4.668649999999999883e-02 3.303490000000000072e-03
5.829999999999999716e+01 -4.317279999999999729e-02 2.898879999999999946e-03
5.850000000000000000e+01 -3.972950000000000093e-02 2.440639999999999997e-03
5.870000000000000284e+01 -3.684470000000000106e-02 2.379469999999999849e-03
5.889999999999999858e+01 -3.427499999999999991e-02 1.997989999999999836e-03
5.910000000000000142e+01 -3.208389999999999853e-02 1.826570000000000017e-03
5.929999999999999716e+01 -2.963829999999999937e-02 1.572629999999999991e-03
5.950000000000000000e+01 -2.780720000000000067e-02 1.576850000000000083e-03
5.970000000000000284e+01 -2.588450000000000126e-02 1.282130000000000032e-03
5.989999999999999858e+01 -2.419200000000000170e-02 1.172759999999999905e-03
6.050000000000000000e+01 -1.986689999999999984e-02 2.085290000000000060e-03
6.150000000000000000e+01 -1.432639999999999955e-02 1.345749999999999941e-03
6.250000000000000000e+01 -1.090200000000000023e-02 8.734380000000000355e-04
6.350000000000000000e+01 -8.768540000000000015e-03 7.201939999999999557e-04
6.450000000000000000e+01 -6.825359999999999934e-03 4.915710000000000001e-04
6.550000000000000000e+01 -5.434819999999999929e-03 3.278859999999999978e-04
6.650000000000000000e+01 -4.300080000000000395e-03 1.890969999999999956e-04
6.750000000000000000e+01 -3.595380000000000017e-03 2.658690000000000120e-04
6.850000000000000000e+01 -2.970829999999999825e-03 1.669739999999999907e-04
6.950000000000000000e+01 -2.423230000000000176e-03 1.181669999999999953e-04
7.050000000000000000e+01 -2.007169999999999961e-03 1.154580000000000049e-04
7.150000000000000000e+01 -1.722900000000000082e-03 9.109400000000000570e-05
7.250000000000000000e+01 -1.467720000000000049e-03 6.387809999999999409e-05
7.350000000000000000e+01 -1.256069999999999973e-03 6.378430000000000525e-05
7.450000000000000000e+01 -1.092000000000000089e-03 3.820410000000000239e-05
7.550000000000000000e+01 -9.319390000000000096e-04 4.002539999999999798e-05
7.650000000000000000e+01 -7.995479999999999688e-04 1.590480000000000059e-05
7.750000000000000000e+01 -7.142609999999999975e-04 2.584650000000000063e-05
7.850000000000000000e+01 -6.331909999999999622e-04 2.423099999999999890e-05
7.950000000000000000e+01 -5.454239999999999739e-04 2.029470000000000069e-05
