6.225999999999999801e+01 -2.281590000000000007e-01 1.144670000000000076e+00
6.250000000000000000e+01 -3.372809999999999975e-01 8.897100000000000009e-01
6.257999999999999829e+01 -3.681429999999999980e-01 8.736260000000000137e-01
6.270000000000000284e+01 -4.041109999999999980e-01 8.139600000000000168e-01
6.274000000000000199e+01 -5.025859999999999772e-01 7.201880000000000503e-01
6.289999999999999858e+01 -5.195030000000000481e-01 5.015720000000000178e-01
6.297999999999999687e+01 -5.252799999999999692e-01 4.762149999999999994e-01
6.306000000000000227e+01 -5.448899999999999855e-01 4.055980000000000141e-01
6.310000000000000142e+01 -5.685959999999999903e-01 2.957529999999999881e-01
6.314000000000000057e+01 -5.753909999999999858e-01 2.296050000000000035e-01
6.321999999999999886e+01 -5.470859999999999612e-01 2.430390000000000050e-01
6.338000000000000256e+01 -5.430639999999999912e-01 1.221170000000000033e-01
6.346000000000000085e+01 -5.202219999999999622e-01 9.906800000000000328e-02
6.350000000000000000e+01 -5.140339999999999909e-01 9.304800000000000570e-02
6.353999999999999915e+01 -5.036089999999999733e-01 8.525589999999999558e-02
6.361999999999999744e+01 -4.825010000000000132e-01 8.096849999999999881e-02
6.370000000000000284e+01 -4.655779999999999919e-01 7.954809999999999659e-02
6.378000000000000114e+01 -4.392030000000000101e-01 7.262109999999999399e-02
6.385999999999999943e+01 -4.218080000000000163e-01 7.054080000000000072e-02
6.389999999999999858e+01 -4.125590000000000090e-01 7.126109999999999389e-02
6.393999999999999773e+01 -3.994519999999999738e-01 6.697160000000000613e-02
6.409999999999999432e+01 -3.634510000000000240e-01 5.838440000000000296e-02
6.429999999999999716e+01 -3.214600000000000235e-01 5.031320000000000237e-02
6.450000000000000000e+01 -2.820449999999999902e-01 4.597299999999999998e-02
6.470000000000000284e+01 -2.482699999999999907e-01 3.680540000000000200e-02
6.490000000000000568e+01 -2.200110000000000121e-01 3.007309999999999844e-02
6.509999999999999432e+01 -1.949039999999999939e-01 2.562920000000000129e-02
6.529999999999999716e+01 -1.742970000000000075e-01 2.209090000000000012e-02
6.550000000000000000e+01 -1.561520000000000130e-01 1.924630000000000091e-02
6.570000000000000284e+01 -1.400329999999999908e-01 1.668680000000000163e-02
6.590000000000000568e+01 -1.260550000000000004e-01 1.278299999999999922e-02
6.609999999999999432e+01 -1.150950000000000029e-01 1.115499999999999999e-02
6.629999999999999716e+01 -1.040569999999999967e-01 1.030660000000000083e-02
6.650000000000000000e+01 -9.427910000000000457e-02 8.383599999999999733e-03
6.670000000000000284e+01 -8.535109999999999919e-02 7.271539999999999948e-03
6.690000000000000568e+01 -7.768390000000000017e-02 6.592340000000000352e-03
6.709999999999999432e+01 -7.146289999999999587e-02 5.759519999999999744e-03
6.729999999999999716e+01 -6.559320000000000428e-02 5.083830000000000120e-03
6.750000000000000000e+01 -6.004029999999999784e-02 4.376530000000000004e-03
6.770000000000000284e+01 -5.513169999999999876e-02 3.615709999999999844e-03
6.790000000000000568e+01 -5.091180000000000011e-02 3.244679999999999787e-03
6.809999999999999432e+01 -4.694149999999999712e-02 2.812729999999999831e-03
6.829999999999999716e+01 -4.334589999999999971e-02 2.656589999999999906e-03
6.850000000000000000e+01 -4.019860000000000100e-02 2.253869999999999832e-03
6.870000000000000284e+01 -3.768029999999999990e-02 2.233090000000000075e-03
6.890000000000000568e+01 -3.483669999999999822e-02 1.932820000000000024e-03
6.909999999999999432e+01 -3.249889999999999723e-02 1.820089999999999902e-03
6.929999999999999716e+01 -3.025689999999999977e-02 1.638039999999999895e-03
6.950000000000000000e+01 -2.833060000000000092e-02 1.410170000000000087e-03
6.970000000000000284e+01 -2.646890000000000007e-02 1.310060000000000044e-03
6.990000000000000568e+01 -2.490339999999999915e-02 1.109760000000000000e-03
