7.250000000000000000e+01 -2.055659999999999987e-01 1.140279999999999960e+00
7.257999999999999829e+01 -3.163480000000000181e-01 9.587419999999999831e-01
7.265999999999999659e+01 -3.997740000000000182e-01 7.882900000000000462e-01
7.270000000000000284e+01 -4.519549999999999956e-01 7.294819999999999638e-01
7.273999999999999488e+01 -4.635980000000000101e-01 6.636819999999999942e-01
7.281999999999999318e+01 -5.215109999999999468e-01 5.967440000000000522e-01
7.290000000000000568e+01 -5.246560000000000112e-01 6.135869999999999935e-01
7.298000000000000398e+01 -5.297020000000000062e-01 5.640230000000000521e-01
7.309999999999999432e+01 -5.646670000000000300e-01 3.787139999999999951e-01
7.314000000000000057e+01 -5.857839999999999714e-01 2.847230000000000039e-01
7.321999999999999886e+01 -5.556029999999999580e-01 2.614560000000000217e-01
7.337999999999999545e+01 -5.493730000000000002e-01 1.463089999999999946e-01
7.345999999999999375e+01 -5.376710000000000100e-01 1.015739999999999976e-01
7.350000000000000000e+01 -5.271000000000000130e-01 1.077420000000000044e-01
7.354000000000000625e+01 -5.237319999999999753e-01 9.657469999999999943e-02
7.362000000000000455e+01 -5.002240000000000020e-01 8.697749999999999926e-02
7.370000000000000284e+01 -4.796579999999999733e-01 8.280519999999999547e-02
7.378000000000000114e+01 -4.530440000000000023e-01 7.999660000000000104e-02
7.385999999999999943e+01 -4.402220000000000022e-01 7.663349999999999329e-02
7.390000000000000568e+01 -4.259399999999999853e-01 8.311620000000000119e-02
7.393999999999999773e+01 -4.138899999999999801e-01 7.408059999999999645e-02
7.409999999999999432e+01 -3.778599999999999737e-01 7.332600000000000229e-02
7.429999999999999716e+01 -3.350079999999999725e-01 5.719319999999999959e-02
7.450000000000000000e+01 -2.937890000000000224e-01 5.163260000000000072e-02
7.470000000000000284e+01 -2.583900000000000086e-01 4.285309999999999814e-02
7.490000000000000568e+01 -2.292250000000000121e-01 3.559600000000000264e-02
7.509999999999999432e+01 -2.029030000000000000e-01 3.182070000000000037e-02
7.529999999999999716e+01 -1.790430000000000077e-01 2.802359999999999920e-02
7.550000000000000000e+01 -1.614899999999999947e-01 2.209960000000000049e-02
7.570000000000000284e+01 -1.447690000000000088e-01 1.955329999999999915e-02
7.590000000000000568e+01 -1.305449999999999944e-01 1.599710000000000021e-02
7.609999999999999432e+01 -1.167020000000000002e-01 1.346439999999999963e-02
7.629999999999999716e+01 -1.059620000000000006e-01 1.157859999999999966e-02
7.650000000000000000e+01 -9.732129999999999947e-02 1.101670000000000080e-02
7.670000000000000284e+01 -8.752719999999999945e-02 9.147699999999999929e-03
7.690000000000000568e+01 -8.035810000000000175e-02 7.680700000000000374e-03
7.709999999999999432e+01 -7.346500000000000252e-02 7.177959999999999723e-03
7.729999999999999716e+01 -6.679649999999999477e-02 6.078449999999999999e-03
7.750000000000000000e+01 -6.147670000000000218e-02 5.113389999999999776e-03
7.770000000000000284e+01 -5.650260000000000005e-02 5.055510000000000038e-03
7.790000000000000568e+01 -5.226320000000000271e-02 4.180650000000000165e-03
7.809999999999999432e+01 -4.859820000000000112e-02 3.765689999999999923e-03
7.829999999999999716e+01 -4.484040000000000248e-02 3.351620000000000033e-03
7.850000000000000000e+01 -4.162040000000000184e-02 3.035060000000000015e-03
7.870000000000000284e+01 -3.857619999999999799e-02 2.716280000000000170e-03
7.890000000000000568e+01 -3.607269999999999921e-02 2.373929999999999790e-03
7.909999999999999432e+01 -3.349880000000000219e-02 2.110859999999999993e-03
7.929999999999999716e+01 -3.139610000000000317e-02 1.989809999999999843e-03
7.950000000000000000e+01 -2.919139999999999929e-02 1.702670000000000095e-03
7.970000000000000284e+01 -2.736850000000000047e-02 1.522979999999999950e-03
7.990000000000000568e+01 -2.564960000000000157e-02 1.471330000000000077e-03
8.050000000000000000e+01 -2.196299999999999988e-02 2.626669999999999786e-03
8.150000000000000000e+01 -1.551070000000000053e-02 1.384290000000000043e-03
8.250000000000000000e+01 -1.186249999999999978e-02 1.108480000000000012e-03
8.350000000000000000e+01 -9.467839999999999936e-03 6.900679999999999531e-04
8.450000000000000000e+01 -7.592670000000000148e-03 4.601380000000000184e-04
8.550000000000000000e+01 -6.218659999999999986e-03 3.271360000000000066e-04
8.650000000000000000e+01 -4.887070000000000303e-03 2.807260000000000224e-04
8.750000000000000000e+01 -3.996620000000000207e-03 2.607469999999999753e-04
8.850000000000000000e+01 -3.375809999999999922e-03 1.772470000000000057e-04
8.950000000000000000e+01 -2.779929999999999901e-03 1.515339999999999895e-04
9.050000000000000000e+01 -2.302219999999999787e-03 1.446909999999999874e-04
9.150000000000000000e+01 -1.994160000000000030e-03 1.054349999999999960e-04
9.250000000000000000e+01 -1.722339999999999939e-03 8.626879999999999640e-05
9.350000000000000000e+01 -1.469510000000000044e-03 6.804239999999999757e-05
9.450000000000000000e+01 -1.286280000000000106e-03 4.529640000000000223e-05
9.550000000000000000e+01 -1.117850000000000094e-03 4.956899999999999924e-05
9.650000000000000000e+01 -9.551709999999999931e-04 2.025650000000000164e-05
9.750000000000000000e+01 -8.602389999999999473e-04 3.335089999999999946e-05
9.850000000000000000e+01 -7.655420000000000237e-04 3.348420000000000037e-05
9.950000000000000000e+01 -6.640520000000000450e-04 2.356110000000000046e-05
