8.265999999999999659e+01 -2.035200000000000065e-01 9.994629999999999903e-01
8.270000000000000284e+01 -3.242280000000000162e-01 9.105100000000000415e-01
8.273999999999999488e+01 -3.509610000000000229e-01 7.804010000000000113e-01
8.281999999999999318e+01 -4.159570000000000212e-01 7.393619999999999637e-01
8.290000000000000568e+01 -4.309410000000000185e-01 6.764130000000000420e-01
8.298000000000000398e+01 -5.180599999999999650e-01 5.315029999999999477e-01
8.309999999999999432e+01 -5.609300000000000397e-01 4.269620000000000082e-01
8.314000000000000057e+01 -5.847109999999999808e-01 2.858809999999999962e-01
8.321999999999999886e+01 -6.003469999999999640e-01 2.227480000000000016e-01
8.329999999999999716e+01 -5.922079999999999567e-01 1.740559999999999885e-01
8.337999999999999545e+01 -5.909950000000000481e-01 1.321370000000000045e-01
8.345999999999999375e+01 -5.637389999999999901e-01 1.110649999999999971e-01
8.350000000000000000e+01 -5.614930000000000199e-01 1.120020000000000043e-01
8.354000000000000625e+01 -5.502050000000000551e-01 1.051809999999999967e-01
8.362000000000000455e+01 -5.283099999999999463e-01 9.725509999999999711e-02
8.370000000000000284e+01 -5.092160000000000020e-01 8.791240000000000165e-02
8.378000000000000114e+01 -4.837389999999999746e-01 8.461449999999999527e-02
8.385999999999999943e+01 -4.652950000000000141e-01 8.274209999999999898e-02
8.390000000000000568e+01 -4.472809999999999842e-01 7.956910000000000371e-02
8.393999999999999773e+01 -4.376800000000000135e-01 7.615280000000000660e-02
8.409999999999999432e+01 -3.989420000000000188e-01 6.842209999999999959e-02
8.429999999999999716e+01 -3.517170000000000019e-01 5.968770000000000325e-02
8.450000000000000000e+01 -3.090359999999999774e-01 5.226859999999999840e-02
8.470000000000000284e+01 -2.710239999999999871e-01 4.451780000000000320e-02
8.490000000000000568e+01 -2.417350000000000054e-01 3.571099999999999969e-02
8.509999999999999432e+01 -2.148789999999999867e-01 3.231490000000000057e-02
8.529999999999999716e+01 -1.876379999999999992e-01 2.576900000000000024e-02
8.550000000000000000e+01 -1.689140000000000086e-01 2.298180000000000014e-02
8.570000000000000284e+01 -1.515630000000000033e-01 1.895660000000000053e-02
8.590000000000000568e+01 -1.363620000000000110e-01 1.587500000000000022e-02
8.609999999999999432e+01 -1.226909999999999945e-01 1.315880000000000001e-02
8.629999999999999716e+01 -1.100180000000000047e-01 1.193280000000000035e-02
8.650000000000000000e+01 -1.023700000000000027e-01 1.040680000000000077e-02
8.670000000000000284e+01 -9.128039999999999765e-02 8.983019999999999547e-03
8.690000000000000568e+01 -8.349629999999999552e-02 8.016000000000000555e-03
8.709999999999999432e+01 -7.696010000000000351e-02 6.965029999999999659e-03
8.729999999999999716e+01 -7.027579999999999938e-02 5.867950000000000249e-03
8.750000000000000000e+01 -6.434940000000000104e-02 5.200240000000000071e-03
8.770000000000000284e+01 -5.921110000000000262e-02 4.747569999999999568e-03
8.790000000000000568e+01 -5.447520000000000140e-02 4.207680000000000101e-03
8.809999999999999432e+01 -5.056080000000000296e-02 3.615029999999999979e-03
8.829999999999999716e+01 -4.686309999999999781e-02 3.184139999999999800e-03
8.850000000000000000e+01 -4.315200000000000286e-02 2.939000000000000206e-03
8.870000000000000284e+01 -4.045460000000000028e-02 2.611979999999999857e-03
8.890000000000000568e+01 -3.737519999999999731e-02 2.379669999999999962e-03
8.909999999999999432e+01 -3.480119999999999741e-02 2.118749999999999974e-03
8.929999999999999716e+01 -3.267400000000000165e-02 1.983980000000000205e-03
8.950000000000000000e+01 -3.046659999999999993e-02 1.721290000000000103e-03
8.970000000000000284e+01 -2.842959999999999932e-02 1.439699999999999921e-03
8.990000000000000568e+01 -2.677500000000000019e-02 1.500990000000000006e-03
9.050000000000000000e+01 -2.217320000000000055e-02 2.381750000000000186e-03
9.150000000000000000e+01 -1.616060000000000066e-02 1.478790000000000009e-03
9.250000000000000000e+01 -1.234219999999999935e-02 9.879389999999999613e-04
9.350000000000000000e+01 -9.979949999999999585e-03 9.279860000000000018e-04
9.450000000000000000e+01 -7.850080000000000599e-03 5.290330000000000423e-04
9.550000000000000000e+01 -6.300970000000000355e-03 3.278560000000000133e-04
9.650000000000000000e+01 -5.049149999999999645e-03 2.596550000000000203e-04
9.750000000000000000e+01 -4.195039999999999707e-03 2.906310000000000165e-04
9.850000000000000000e+01 -3.534330000000000024e-03 2.030330000000000058e-04
9.950000000000000000e+01 -2.910390000000000112e-03 1.379569999999999939e-04
1.005000000000000000e+02 -2.431029999999999823e-03 1.112189999999999934e-04
1.015000000000000000e+02 -2.104920000000000142e-03 1.172159999999999972e-04
1.025000000000000000e+02 -1.824080000000000059e-03 7.817389999999999365e-05
1.035000000000000000e+02 -1.565329999999999977e-03 7.273149999999999982e-05
1.045000000000000000e+02 -1.369750000000000091e-03 4.833519999999999760e-05
1.055000000000000000e+02 -1.180829999999999901e-03 4.943639999999999986e-05
1.065000000000000000e+02 -1.019939999999999996e-03 1.839209999999999963e-05
1.075000000000000000e+02 -9.151979999999999881e-04 3.658430000000000140e-05
1.085000000000000000e+02 -8.163060000000000411e-04 2.703709999999999902e-05
1.095000000000000000e+02 -7.114120000000000252e-04 2.456789999999999902e-05
