9.209999999999999432e+01 -2.478130000000000055e-01 1.285279999999999978e+00
9.218000000000000682e+01 -3.335190000000000099e-01 1.147469999999999990e+00
9.226000000000000512e+01 -3.704859999999999820e-01 9.181639999999999802e-01
9.250000000000000000e+01 -3.767780000000000018e-01 1.060650000000000093e+00
9.257999999999999829e+01 -4.158740000000000214e-01 9.476149999999999851e-01
9.265999999999999659e+01 -4.918750000000000067e-01 7.670160000000000311e-01
9.270000000000000284e+01 -4.992269999999999763e-01 7.061030000000000362e-01
9.273999999999999488e+01 -5.235109999999999486e-01 5.993519999999999959e-01
9.281999999999999318e+01 -5.725550000000000361e-01 4.944839999999999791e-01
9.290000000000000568e+01 -5.906289999999999596e-01 5.054030000000000467e-01
9.298000000000000398e+01 -5.990830000000000322e-01 4.188180000000000236e-01
9.306000000000000227e+01 -6.161889999999999867e-01 2.659449999999999870e-01
9.309999999999999432e+01 -5.950950000000000406e-01 2.805070000000000063e-01
9.321999999999999886e+01 -5.813669999999999671e-01 1.928149999999999864e-01
9.329999999999999716e+01 -5.669539999999999580e-01 1.421729999999999938e-01
9.337999999999999545e+01 -5.527279999999999971e-01 1.110399999999999998e-01
9.345999999999999375e+01 -5.342580000000000107e-01 9.751740000000000408e-02
9.350000000000000000e+01 -5.187040000000000539e-01 9.968549999999999633e-02
9.354000000000000625e+01 -5.121769999999999934e-01 9.672799999999999454e-02
9.362000000000000455e+01 -4.937960000000000127e-01 8.829539999999999611e-02
9.370000000000000284e+01 -4.780840000000000090e-01 9.355839999999999990e-02
9.378000000000000114e+01 -4.409779999999999811e-01 8.061580000000000135e-02
9.385999999999999943e+01 -4.221960000000000157e-01 7.802489999999999426e-02
9.390000000000000568e+01 -4.206869999999999776e-01 7.934650000000000036e-02
9.393999999999999773e+01 -4.059169999999999723e-01 7.280929999999999347e-02
9.409999999999999432e+01 -3.658390000000000253e-01 6.494070000000000398e-02
9.429999999999999716e+01 -3.235640000000000183e-01 5.608010000000000078e-02
9.450000000000000000e+01 -2.858100000000000085e-01 4.803559999999999774e-02
9.470000000000000284e+01 -2.535709999999999908e-01 4.065919999999999951e-02
9.490000000000000568e+01 -2.256599999999999995e-01 3.326690000000000202e-02
9.509999999999999432e+01 -1.998169999999999946e-01 3.107619999999999827e-02
9.529999999999999716e+01 -1.802630000000000066e-01 2.606759999999999980e-02
9.550000000000000000e+01 -1.607329999999999870e-01 2.096150000000000097e-02
9.570000000000000284e+01 -1.452539999999999942e-01 1.886679999999999954e-02
9.590000000000000568e+01 -1.310230000000000006e-01 1.543549999999999957e-02
9.609999999999999432e+01 -1.174739999999999951e-01 1.225930000000000075e-02
9.629999999999999716e+01 -1.069719999999999976e-01 1.107660000000000068e-02
9.650000000000000000e+01 -9.755279999999999507e-02 9.598000000000000628e-03
9.670000000000000284e+01 -8.916399999999999326e-02 8.411760000000000764e-03
9.690000000000000568e+01 -8.120560000000000278e-02 7.063680000000000132e-03
9.709999999999999432e+01 -7.422850000000000281e-02 6.016099999999999920e-03
9.729999999999999716e+01 -6.864090000000000469e-02 5.651319999999999608e-03
9.750000000000000000e+01 -6.316330000000000555e-02 5.023920000000000295e-03
9.770000000000000284e+01 -5.820750000000000229e-02 4.333609999999999893e-03
9.790000000000000568e+01 -5.372009999999999980e-02 3.917109999999999689e-03
9.809999999999999432e+01 -4.977009999999999768e-02 3.453589999999999872e-03
9.829999999999999716e+01 -4.632399999999999712e-02 3.175850000000000027e-03
9.850000000000000000e+01 -4.271169999999999828e-02 2.726129999999999786e-03
9.870000000000000284e+01 -3.978269999999999723e-02 2.403070000000000206e-03
9.890000000000000568e+01 -3.716869999999999896e-02 2.069909999999999892e-03
9.909999999999999432e+01 -3.482550000000000229e-02 2.068009999999999900e-03
9.929999999999999716e+01 -3.235790000000000194e-02 1.854229999999999897e-03
9.950000000000000000e+01 -3.034020000000000120e-02 1.659719999999999945e-03
9.970000000000000284e+01 -2.832190000000000055e-02 1.415320000000000076e-03
9.990000000000000568e+01 -2.669890000000000110e-02 1.298469999999999919e-03
