4.100000000000000000e+01 -2.606082982594254815e+01 3.540535935506397891e+00 5.000000000000000000e+01
4.140000000000000568e+01 -2.310620211754632791e+01 2.781514142226647390e+00 5.000000000000000000e+01
4.179999999999999716e+01 -2.035155351345592578e+01 2.127103108201037429e+00 5.000000000000000000e+01
4.220000000000000284e+01 -1.725481175578298831e+01 1.820168375961333185e+00 5.000000000000000000e+01
4.259999999999999432e+01 -1.465413330787184343e+01 1.327395376565295049e+00 5.000000000000000000e+01
4.300000000000000000e+01 -1.240902866589490472e+01 1.190400447555180818e+00 5.000000000000000000e+01
4.340000000000000568e+01 -1.043544575959300147e+01 8.093893634840481077e-01 5.000000000000000000e+01
4.379999999999999716e+01 -8.677018298903171001e+00 6.529132397748512728e-01 5.000000000000000000e+01
4.420000000000000284e+01 -7.641147873591449979e+00 6.183802302979617416e-01 5.000000000000000000e+01
4.459999999999999432e+01 -6.653972243746577142e+00 4.932369520423386389e-01 5.000000000000000000e+01
4.500000000000000000e+01 -5.745540658969031433e+00 2.940849217954391581e-01 5.000000000000000000e+01
4.540000000000000568e+01 -5.009273729487419224e+00 2.595329480807544442e-01 5.000000000000000000e+01
4.579999999999999716e+01 -4.446887513938829528e+00 2.452212956320645731e-01 5.000000000000000000e+01
4.620000000000000284e+01 -3.960750914069051110e+00 2.201793016468444886e-01 5.000000000000000000e+01
4.659999999999999432e+01 -3.518333044581996916e+00 1.560527267228838944e-01 5.000000000000000000e+01
4.700000000000000000e+01 -3.120507479589174960e+00 1.478824063879345674e-01 5.000000000000000000e+01
4.740000000000000568e+01 -2.796809800838164328e+00 1.139445917517762086e-01 5.000000000000000000e+01
4.779999999999999716e+01 -2.522733614930201984e+00 9.990107820765758984e-02 5.000000000000000000e+01
4.820000000000000284e+01 -2.322716135055168163e+00 9.375796376668432686e-02 5.000000000000000000e+01
4.859999999999999432e+01 -2.088282875248813841e+00 9.245080165998305344e-02 5.000000000000000000e+01
4.900000000000000000e+01 -1.904308132419973543e+00 6.925248411695138218e-02 5.000000000000000000e+01
4.940000000000000568e+01 -1.735275455267353717e+00 6.045867448709278669e-02 5.000000000000000000e+01
4.979999999999999716e+01 -1.589146951489394333e+00 6.596126583707867530e-02 5.000000000000000000e+01
5.020000000000000284e+01 -1.458869849464495827e+00 5.452669094418587797e-02 5.000000000000000000e+01
5.059999999999999432e+01 -1.332690131742318984e+00 4.820274012019064303e-02 5.000000000000000000e+01
5.100000000000000000e+01 -1.230256491592888413e+00 3.881462524858562968e-02 5.000000000000000000e+01
5.140000000000000568e+01 -1.143375620952843619e+00 2.657583228619313925e-02 5.000000000000000000e+01
5.179999999999999716e+01 -1.047975545241729867e+00 3.536444390154177414e-02 5.000000000000000000e+01
5.220000000000000284e+01 -9.744276828525846312e-01 3.065540927711202235e-02 5.000000000000000000e+01
5.259999999999999432e+01 -9.083198323066851154e-01 2.493407725992618715e-02 5.000000000000000000e+01
5.300000000000000000e+01 -8.429233735193545352e-01 2.067874208419050522e-02 5.000000000000000000e+01
5.340000000000000568e+01 -7.789287688172834567e-01 2.251145342541976263e-02 5.000000000000000000e+01
5.379999999999999716e+01 -7.225591801673725278e-01 2.224098473065268255e-02 5.000000000000000000e+01
5.420000000000000284e+01 -6.833004915597716833e-01 1.496686806926951149e-02 5.000000000000000000e+01
5.459999999999999432e+01 -6.346911797752943230e-01 1.394502821420402772e-02 5.000000000000000000e+01
5.500000000000000000e+01 -5.925080668980731158e-01 1.323542241596368033e-02 5.000000000000000000e+01
5.540000000000000568e+01 -5.538381239014004143e-01 1.078749564419801549e-02 5.000000000000000000e+01
5.579999999999999716e+01 -5.190090492038984538e-01 1.082740532006291716e-02 5.000000000000000000e+01
5.620000000000000284e+01 -4.877778167732061965e-01 1.140648787828667243e-02 5.000000000000000000e+01
5.660000000000000142e+01 -4.581346882168816914e-01 9.561402355406261808e-03 5.000000000000000000e+01
5.700000000000000000e+01 -4.293644313220105757e-01 7.729594596583473816e-03 5.000000000000000000e+01
5.740000000000000568e+01 -4.049495419568294174e-01 7.330476325731657625e-03 5.000000000000000000e+01
5.779999999999999716e+01 -3.826757255663440493e-01 6.983576385713037050e-03 5.000000000000000000e+01
5.820000000000000284e+01 -3.613271146174427684e-01 6.732038257020600200e-03 5.000000000000000000e+01
5.860000000000000142e+01 -3.392119659354163597e-01 6.272653704913748463e-03 5.000000000000000000e+01
5.900000000000000000e+01 -3.221336903543777774e-01 5.742057970738321387e-03 5.000000000000000000e+01
5.940000000000000568e+01 -3.028208706817404061e-01 6.163428574320959155e-03 5.000000000000000000e+01
5.979999999999999716e+01 -2.866568021398094857e-01 4.539508032742351623e-03 5.000000000000000000e+01
6.020000000000000284e+01 -2.705841728482712427e-01 5.177251105399080858e-03 5.000000000000000000e+01
6.060000000000000142e+01 -2.566985639545639186e-01 5.026642271018186628e-03 5.000000000000000000e+01
6.100000000000000000e+01 -2.434977555806715210e-01 3.537691020264587243e-03 5.000000000000000000e+01
6.140000000000000568e+01 -2.303518508275587129e-01 3.558189284868791546e-03 5.000000000000000000e+01
