1.020300000000000011e+02 -5.555900000000000283e-01 2.259959999999999969e+00
1.020900000000000034e+02 -7.366470000000000518e-01 2.340700000000000003e+00
1.021500000000000057e+02 -6.829439999999999955e-01 2.165150000000000130e+00
1.022099999999999937e+02 -6.961159999999999570e-01 2.154910000000000103e+00
1.022699999999999960e+02 -5.385900000000000132e-01 2.438219999999999832e+00
1.023299999999999983e+02 -8.264139999999999819e-01 1.886779999999999902e+00
1.023900000000000006e+02 -9.578529999999999545e-01 1.971899999999999986e+00
1.024500000000000028e+02 -7.318000000000000060e-01 2.176930000000000032e+00
1.025100000000000051e+02 -9.117520000000000069e-01 2.006299999999999972e+00
1.025499999999999972e+02 -8.498459999999999903e-01 1.933149999999999924e+00
1.025699999999999932e+02 -9.006340000000000456e-01 1.958919999999999995e+00
1.026299999999999955e+02 -1.057060000000000111e+00 1.790380000000000082e+00
1.026899999999999977e+02 -1.127669999999999950e+00 1.621709999999999985e+00
1.027500000000000000e+02 -1.122120000000000006e+00 1.710809999999999942e+00
1.028100000000000023e+02 -1.202339999999999964e+00 1.568940000000000001e+00
1.028499999999999943e+02 -1.104020000000000001e+00 1.572330000000000005e+00
1.028700000000000045e+02 -1.162099999999999911e+00 1.529879999999999907e+00
1.029300000000000068e+02 -1.133240000000000025e+00 1.542519999999999891e+00
1.029899999999999949e+02 -1.323660000000000059e+00 1.367459999999999898e+00
1.030499999999999972e+02 -1.310079999999999911e+00 1.311679999999999957e+00
1.031099999999999994e+02 -1.452649999999999997e+00 1.047719999999999985e+00
1.031500000000000057e+02 -1.327930000000000055e+00 1.157939999999999969e+00
1.031700000000000017e+02 -1.398600000000000065e+00 1.029439999999999911e+00
1.032300000000000040e+02 -1.330910000000000037e+00 1.161680000000000046e+00
1.032900000000000063e+02 -1.365809999999999969e+00 1.039199999999999902e+00
1.033499999999999943e+02 -1.391329999999999956e+00 9.604650000000000132e-01
1.034099999999999966e+02 -1.397100000000000009e+00 9.370359999999999800e-01
1.034500000000000028e+02 -1.396190000000000042e+00 8.105369999999999520e-01
1.034699999999999989e+02 -1.448190000000000088e+00 7.593309999999999782e-01
1.035300000000000011e+02 -1.377199999999999980e+00 8.283179999999999987e-01
1.035900000000000034e+02 -1.359960000000000058e+00 7.553050000000000042e-01
1.036500000000000057e+02 -1.338889999999999914e+00 7.884430000000000049e-01
1.037099999999999937e+02 -1.349820000000000020e+00 6.686140000000000416e-01
1.037500000000000000e+02 -1.357089999999999907e+00 5.298079999999999457e-01
1.037699999999999960e+02 -1.353669999999999929e+00 4.951650000000000218e-01
1.038299999999999983e+02 -1.333329999999999904e+00 5.021569999999999645e-01
1.038900000000000006e+02 -1.275470000000000104e+00 4.759849999999999914e-01
1.039500000000000028e+02 -1.293660000000000032e+00 3.734410000000000229e-01
1.040100000000000051e+02 -1.246779999999999999e+00 3.345159999999999800e-01
1.040499999999999972e+02 -1.230199999999999960e+00 3.641960000000000197e-01
1.040699999999999932e+02 -1.224269999999999969e+00 2.915340000000000154e-01
1.041299999999999955e+02 -1.187240000000000073e+00 3.322080000000000033e-01
1.041899999999999977e+02 -1.127450000000000063e+00 3.415850000000000275e-01
1.042500000000000000e+02 -1.098659999999999970e+00 2.973169999999999980e-01
1.043100000000000023e+02 -1.098000000000000087e+00 1.990460000000000007e-01
1.043499999999999943e+02 -1.070380000000000109e+00 1.905820000000000014e-01
1.043700000000000045e+02 -1.057679999999999954e+00 1.782749999999999890e-01
1.044300000000000068e+02 -1.031549999999999967e+00 1.792009999999999992e-01
1.044899999999999949e+02 -9.919529999999999736e-01 1.649430000000000063e-01
1.045499999999999972e+02 -9.571680000000000188e-01 1.543110000000000037e-01
1.046099999999999994e+02 -9.359680000000000222e-01 1.538110000000000033e-01
1.046500000000000057e+02 -9.066229999999999567e-01 1.537449999999999928e-01
1.046700000000000017e+02 -8.959770000000000234e-01 1.531029999999999891e-01
1.047300000000000040e+02 -8.646409999999999929e-01 1.408330000000000137e-01
1.047900000000000063e+02 -8.357090000000000352e-01 1.420250000000000123e-01
1.048499999999999943e+02 -7.984320000000000306e-01 1.311170000000000113e-01
1.049099999999999966e+02 -7.766969999999999708e-01 1.337319999999999898e-01
1.049500000000000028e+02 -7.574769999999999559e-01 1.289160000000000028e-01
1.049699999999999989e+02 -7.511700000000000044e-01 1.184100000000000014e-01
1.052500000000000000e+02 -6.457239999999999647e-01 1.076939999999999981e-01
1.055499999999999972e+02 -5.486579999999999790e-01 8.125759999999999927e-02
1.058499999999999943e+02 -4.634039999999999826e-01 6.478040000000000187e-02
1.061500000000000057e+02 -3.922149999999999803e-01 4.927709999999999729e-02
1.064500000000000028e+02 -3.381859999999999866e-01 4.029769999999999880e-02
1.067500000000000000e+02 -2.889630000000000254e-01 3.334209999999999952e-02
1.070499999999999972e+02 -2.525459999999999927e-01 2.821780000000000121e-02
1.073499999999999943e+02 -2.214969999999999994e-01 2.197990000000000013e-02
1.076500000000000057e+02 -1.949210000000000109e-01 1.810640000000000166e-02
1.079500000000000028e+02 -1.721679999999999877e-01 1.455369999999999928e-02
1.082500000000000000e+02 -1.529469999999999996e-01 1.266059999999999928e-02
1.085499999999999972e+02 -1.363920000000000132e-01 1.020000000000000073e-02
1.088499999999999943e+02 -1.218230000000000007e-01 9.169379999999999545e-03
1.091500000000000057e+02 -1.100679999999999992e-01 7.542820000000000427e-03
1.094500000000000028e+02 -9.894949999999999579e-02 6.415070000000000147e-03
1.097500000000000000e+02 -8.970090000000000008e-02 5.531880000000000304e-03
1.100499999999999972e+02 -8.069310000000000371e-02 5.162719999999999983e-03
1.103499999999999943e+02 -7.368399999999999950e-02 4.161520000000000150e-03
1.106500000000000057e+02 -6.722740000000000660e-02 3.890740000000000171e-03
1.109500000000000028e+02 -6.156589999999999979e-02 3.385270000000000119e-03
1.112500000000000000e+02 -5.639360000000000206e-02 2.930180000000000111e-03
1.115499999999999972e+02 -5.193880000000000025e-02 2.552829999999999856e-03
1.118499999999999943e+02 -4.771449999999999997e-02 2.267069999999999936e-03
1.121500000000000057e+02 -4.427289999999999698e-02 2.030689999999999926e-03
1.124500000000000028e+02 -4.049320000000000003e-02 1.918159999999999917e-03
1.127500000000000000e+02 -3.778000000000000108e-02 1.737789999999999908e-03
1.130499999999999972e+02 -3.498029999999999889e-02 1.472540000000000047e-03
1.133499999999999943e+02 -3.255380000000000079e-02 1.275869999999999912e-03
1.136500000000000057e+02 -3.017970000000000028e-02 1.136110000000000071e-03
1.139500000000000028e+02 -2.822260000000000046e-02 1.066429999999999939e-03
1.142500000000000000e+02 -2.633100000000000024e-02 9.225150000000000537e-04
1.145499999999999972e+02 -2.464219999999999952e-02 8.466269999999999699e-04
1.148499999999999943e+02 -2.312890000000000085e-02 8.411469999999999884e-04
