2.194999999999999929e+01 -1.548090000000000022e-01 2.345709999999999962e+00
2.203000000000000114e+01 -2.883129999999999860e-01 2.170199999999999907e+00
2.208999999999999986e+01 -3.547989999999999755e-01 2.226659999999999862e+00
2.214999999999999858e+01 -6.209529999999999772e-01 2.145340000000000025e+00
2.221000000000000085e+01 -5.738370000000000415e-01 1.896030000000000104e+00
2.225000000000000000e+01 -7.636169999999999902e-01 1.923780000000000046e+00
2.226999999999999957e+01 -8.714960000000000484e-01 1.880060000000000064e+00
2.232999999999999829e+01 -8.571739999999999915e-01 2.292720000000000091e+00
2.239000000000000057e+01 -9.111759999999999859e-01 1.885850000000000026e+00
2.244999999999999929e+01 -9.122179999999999733e-01 1.944150000000000045e+00
2.251000000000000156e+01 -1.029840000000000089e+00 1.672339999999999938e+00
2.255000000000000071e+01 -1.010480000000000045e+00 1.654460000000000042e+00
2.257000000000000028e+01 -9.932959999999999567e-01 1.726930000000000076e+00
2.262999999999999901e+01 -1.004750000000000032e+00 1.729489999999999972e+00
2.269000000000000128e+01 -1.178209999999999980e+00 1.340400000000000036e+00
2.275000000000000000e+01 -1.206399999999999917e+00 1.292059999999999986e+00
2.280999999999999872e+01 -1.288070000000000048e+00 1.267379999999999951e+00
2.285000000000000142e+01 -1.224809999999999954e+00 1.266270000000000007e+00
2.287000000000000099e+01 -1.134719999999999951e+00 1.502019999999999911e+00
2.292999999999999972e+01 -1.289009999999999989e+00 1.165669999999999984e+00
2.298999999999999844e+01 -1.232110000000000039e+00 1.137289999999999912e+00
2.305000000000000071e+01 -1.255230000000000068e+00 1.050650000000000084e+00
2.310999999999999943e+01 -1.293320000000000025e+00 8.922130000000000338e-01
2.314999999999999858e+01 -1.296850000000000058e+00 8.991730000000000000e-01
2.317000000000000171e+01 -1.327350000000000030e+00 8.741700000000000026e-01
2.323000000000000043e+01 -1.231570000000000054e+00 9.255210000000000381e-01
2.328999999999999915e+01 -1.298089999999999966e+00 7.335460000000000313e-01
2.335000000000000142e+01 -1.287009999999999987e+00 6.659730000000000372e-01
2.341000000000000014e+01 -1.306009999999999893e+00 5.184210000000000207e-01
2.344999999999999929e+01 -1.235570000000000057e+00 6.243509999999999893e-01
2.346999999999999886e+01 -1.222820000000000018e+00 6.153960000000000541e-01
2.353000000000000114e+01 -1.213149999999999951e+00 6.335039999999999560e-01
2.358999999999999986e+01 -1.222979999999999956e+00 4.094900000000000206e-01
2.364999999999999858e+01 -1.163799999999999946e+00 4.864959999999999840e-01
2.371000000000000085e+01 -1.161820000000000075e+00 3.149500000000000077e-01
2.375000000000000000e+01 -1.132090000000000041e+00 3.633770000000000056e-01
2.376999999999999957e+01 -1.092589999999999950e+00 4.621500000000000052e-01
2.382999999999999829e+01 -1.087490000000000068e+00 3.524660000000000015e-01
2.389000000000000057e+01 -1.077139999999999986e+00 2.695670000000000011e-01
2.394999999999999929e+01 -1.038640000000000008e+00 2.253999999999999893e-01
2.401000000000000156e+01 -1.008259999999999934e+00 2.610089999999999910e-01
2.405000000000000071e+01 -9.829940000000000344e-01 2.439550000000000052e-01
2.407000000000000028e+01 -9.823880000000000390e-01 1.960399999999999920e-01
2.412999999999999901e+01 -9.473869999999999791e-01 1.888110000000000066e-01
2.419000000000000128e+01 -9.068300000000000249e-01 1.794300000000000062e-01
2.425000000000000000e+01 -8.736150000000000304e-01 1.695869999999999878e-01
2.430999999999999872e+01 -8.467890000000000139e-01 1.481570000000000109e-01
2.435000000000000142e+01 -8.196740000000000137e-01 1.544619999999999882e-01
2.437000000000000099e+01 -8.168050000000000033e-01 1.492080000000000073e-01
2.442999999999999972e+01 -7.816199999999999815e-01 1.471790000000000043e-01
2.448999999999999844e+01 -7.546629999999999727e-01 1.382069999999999965e-01
2.455000000000000071e+01 -7.203129999999999811e-01 1.360069999999999890e-01
2.460999999999999943e+01 -6.998170000000000224e-01 1.250390000000000112e-01
2.464999999999999858e+01 -6.850559999999999983e-01 1.318330000000000057e-01
2.467000000000000171e+01 -6.857729999999999659e-01 1.245939999999999964e-01
2.473000000000000043e+01 -6.460590000000000499e-01 1.175339999999999996e-01
2.478999999999999915e+01 -6.228259999999999907e-01 1.120189999999999936e-01
2.485000000000000142e+01 -5.980569999999999498e-01 1.043020000000000058e-01
2.491000000000000014e+01 -5.815019999999999634e-01 1.045529999999999932e-01
2.494999999999999929e+01 -5.697210000000000329e-01 1.099679999999999963e-01
2.496999999999999886e+01 -5.612190000000000234e-01 9.353459999999999552e-02
2.525000000000000000e+01 -4.707410000000000205e-01 8.461970000000000602e-02
2.555000000000000071e+01 -3.871530000000000249e-01 6.300479999999999969e-02
2.585000000000000142e+01 -3.244679999999999787e-01 5.146740000000000342e-02
2.614999999999999858e+01 -2.746959999999999957e-01 4.015590000000000132e-02
2.644999999999999929e+01 -2.329380000000000062e-01 3.200560000000000210e-02
2.675000000000000000e+01 -1.998810000000000031e-01 2.443249999999999936e-02
2.705000000000000071e+01 -1.693250000000000033e-01 2.047130000000000130e-02
2.735000000000000142e+01 -1.470559999999999923e-01 1.672210000000000016e-02
2.764999999999999858e+01 -1.275020000000000042e-01 1.362449999999999946e-02
2.794999999999999929e+01 -1.108419999999999961e-01 1.171220000000000074e-02
2.825000000000000000e+01 -9.769079999999999431e-02 9.513999999999999888e-03
2.855000000000000071e+01 -8.591300000000000325e-02 7.506330000000000294e-03
2.885000000000000142e+01 -7.594560000000000199e-02 6.419030000000000048e-03
2.914999999999999858e+01 -6.678789999999999727e-02 5.273919999999999650e-03
2.944999999999999929e+01 -5.955789999999999695e-02 4.665429999999999924e-03
2.975000000000000000e+01 -5.347869999999999707e-02 4.109179999999999604e-03
3.005000000000000071e+01 -4.759710000000000329e-02 3.414540000000000197e-03
3.035000000000000142e+01 -4.282439999999999858e-02 2.988240000000000080e-03
3.064999999999999858e+01 -3.850760000000000294e-02 2.525250000000000151e-03
3.094999999999999929e+01 -3.479360000000000092e-02 2.161989999999999919e-03
3.125000000000000000e+01 -3.144840000000000135e-02 1.867869999999999990e-03
3.155000000000000071e+01 -2.865219999999999920e-02 1.683019999999999915e-03
3.185000000000000142e+01 -2.595460000000000128e-02 1.466990000000000047e-03
3.214999999999999858e+01 -2.357949999999999977e-02 1.264949999999999929e-03
3.245000000000000284e+01 -2.149509999999999962e-02 1.129929999999999910e-03
3.275000000000000000e+01 -1.966920000000000127e-02 1.055539999999999994e-03
3.304999999999999716e+01 -1.804330000000000170e-02 9.211819999999999904e-04
3.335000000000000142e+01 -1.657979999999999871e-02 7.735819999999999806e-04
3.364999999999999858e+01 -1.524679999999999959e-02 6.865870000000000046e-04
3.395000000000000284e+01 -1.403820000000000068e-02 7.007419999999999665e-04
3.425000000000000000e+01 -1.294299999999999964e-02 5.688359999999999727e-04
3.454999999999999716e+01 -1.191870000000000082e-02 5.020099999999999996e-04
3.485000000000000142e+01 -1.104510000000000040e-02 4.707910000000000263e-04
