3.203000000000000114e+01 -7.315949999999999953e-01 1.968480000000000008e+00
3.209000000000000341e+01 -5.004009999999999847e-01 2.136709999999999887e+00
3.214999999999999858e+01 -8.135350000000000081e-01 1.946620000000000017e+00
3.221000000000000085e+01 -5.260489999999999888e-01 2.122180000000000177e+00
3.225000000000000000e+01 -9.636980000000000546e-01 1.730169999999999986e+00
3.227000000000000313e+01 -8.957490000000000174e-01 1.586349999999999927e+00
3.232999999999999829e+01 -8.860529999999999795e-01 1.732909999999999950e+00
3.239000000000000057e+01 -9.680159999999999876e-01 1.658889999999999976e+00
3.245000000000000284e+01 -9.879400000000000404e-01 1.720690000000000053e+00
3.250999999999999801e+01 -1.197740000000000027e+00 1.331530000000000102e+00
3.254999999999999716e+01 -1.123690000000000078e+00 1.476089999999999902e+00
3.257000000000000028e+01 -1.137780000000000014e+00 1.410860000000000003e+00
3.263000000000000256e+01 -1.144900000000000029e+00 1.483780000000000099e+00
3.268999999999999773e+01 -1.243600000000000039e+00 1.318359999999999976e+00
3.275000000000000000e+01 -1.232709999999999972e+00 1.272329999999999961e+00
3.281000000000000227e+01 -1.276850000000000041e+00 1.233389999999999986e+00
3.285000000000000142e+01 -1.217109999999999914e+00 1.258979999999999988e+00
3.286999999999999744e+01 -1.170169999999999932e+00 1.301439999999999930e+00
3.292999999999999972e+01 -1.299940000000000095e+00 1.105280000000000040e+00
3.299000000000000199e+01 -1.276270000000000016e+00 1.125590000000000090e+00
3.304999999999999716e+01 -1.270129999999999981e+00 1.073090000000000099e+00
3.310999999999999943e+01 -1.280419999999999892e+00 9.671950000000000269e-01
3.314999999999999858e+01 -1.263300000000000090e+00 8.928099999999999925e-01
3.317000000000000171e+01 -1.258119999999999905e+00 9.272340000000000027e-01
3.322999999999999687e+01 -1.291579999999999950e+00 8.730740000000000167e-01
3.328999999999999915e+01 -1.201889999999999903e+00 9.555439999999999490e-01
3.335000000000000142e+01 -1.230590000000000073e+00 7.954229999999999912e-01
3.340999999999999659e+01 -1.221160000000000023e+00 7.177200000000000246e-01
3.345000000000000284e+01 -1.177310000000000079e+00 7.085420000000000051e-01
3.346999999999999886e+01 -1.216369999999999951e+00 7.014789999999999637e-01
3.353000000000000114e+01 -1.191559999999999953e+00 5.653519999999999657e-01
3.359000000000000341e+01 -1.147809999999999997e+00 5.321430000000000327e-01
3.364999999999999858e+01 -1.115839999999999943e+00 6.128000000000000114e-01
3.371000000000000085e+01 -1.136870000000000047e+00 4.705230000000000246e-01
3.375000000000000000e+01 -1.105439999999999978e+00 4.454859999999999931e-01
3.377000000000000313e+01 -1.103900000000000103e+00 5.172630000000000283e-01
3.382999999999999829e+01 -1.082999999999999963e+00 4.179669999999999774e-01
3.389000000000000057e+01 -1.069720000000000004e+00 3.408849999999999936e-01
3.395000000000000284e+01 -1.011419999999999986e+00 4.090650000000000119e-01
3.400999999999999801e+01 -1.000059999999999949e+00 3.813650000000000095e-01
3.404999999999999716e+01 -9.914159999999999640e-01 2.363439999999999985e-01
3.407000000000000028e+01 -9.900339999999999696e-01 2.307649999999999979e-01
3.413000000000000256e+01 -9.405759999999999676e-01 3.020109999999999739e-01
3.418999999999999773e+01 -9.010059999999999736e-01 2.437999999999999889e-01
3.425000000000000000e+01 -8.907019999999999937e-01 2.004430000000000101e-01
3.431000000000000227e+01 -8.581050000000000066e-01 2.304319999999999979e-01
3.435000000000000142e+01 -8.480630000000000113e-01 1.681080000000000074e-01
3.436999999999999744e+01 -8.108239999999999892e-01 1.839480000000000004e-01
3.442999999999999972e+01 -8.047549999999999981e-01 1.586019999999999930e-01
3.449000000000000199e+01 -7.782900000000000373e-01 1.454139999999999877e-01
3.454999999999999716e+01 -7.438839999999999897e-01 1.345760000000000012e-01
3.460999999999999943e+01 -7.225000000000000311e-01 1.384279999999999955e-01
3.464999999999999858e+01 -7.032899999999999707e-01 1.332069999999999921e-01
3.467000000000000171e+01 -6.943500000000000227e-01 1.294820000000000138e-01
3.472999999999999687e+01 -6.708809999999999496e-01 1.246489999999999959e-01
3.478999999999999915e+01 -6.427859999999999685e-01 1.183670000000000000e-01
3.485000000000000142e+01 -6.189480000000000537e-01 1.067270000000000024e-01
3.490999999999999659e+01 -6.008299999999999752e-01 1.076270000000000004e-01
3.495000000000000284e+01 -5.898579999999999934e-01 1.146879999999999983e-01
3.496999999999999886e+01 -5.781140000000000168e-01 1.090079999999999938e-01
3.525000000000000000e+01 -4.946720000000000006e-01 8.640559999999999907e-02
3.554999999999999716e+01 -4.125789999999999735e-01 6.445109999999999728e-02
3.585000000000000142e+01 -3.509829999999999894e-01 5.525019999999999931e-02
3.614999999999999858e+01 -2.965169999999999750e-01 4.447109999999999952e-02
3.645000000000000284e+01 -2.513980000000000103e-01 3.472610000000000280e-02
3.675000000000000000e+01 -2.200509999999999966e-01 3.018890000000000115e-02
3.704999999999999716e+01 -1.875249999999999972e-01 2.251819999999999863e-02
3.735000000000000142e+01 -1.656040000000000012e-01 1.855139999999999914e-02
3.764999999999999858e+01 -1.434769999999999934e-01 1.540599999999999956e-02
3.795000000000000284e+01 -1.263900000000000023e-01 1.224850000000000071e-02
3.825000000000000000e+01 -1.114219999999999933e-01 1.100130000000000031e-02
3.854999999999999716e+01 -9.867779999999999607e-02 8.796250000000000249e-03
3.885000000000000142e+01 -8.750420000000000420e-02 7.437710000000000155e-03
3.914999999999999858e+01 -7.813249999999999362e-02 6.330220000000000118e-03
3.945000000000000284e+01 -7.056120000000000447e-02 5.568830000000000308e-03
3.975000000000000000e+01 -6.323420000000000429e-02 4.655799999999999869e-03
4.004999999999999716e+01 -5.693209999999999937e-02 4.095689999999999921e-03
4.035000000000000142e+01 -5.159330000000000166e-02 3.501150000000000182e-03
4.064999999999999858e+01 -4.659959999999999797e-02 3.008139999999999859e-03
4.095000000000000284e+01 -4.231170000000000070e-02 2.610410000000000074e-03
4.125000000000000000e+01 -3.857180000000000331e-02 2.183449999999999974e-03
4.154999999999999716e+01 -3.520109999999999906e-02 2.042990000000000170e-03
4.185000000000000142e+01 -3.198419999999999735e-02 1.667309999999999973e-03
4.214999999999999858e+01 -2.929589999999999972e-02 1.474300000000000003e-03
4.245000000000000284e+01 -2.697849999999999901e-02 1.372560000000000099e-03
4.275000000000000000e+01 -2.486259999999999859e-02 1.221330000000000072e-03
4.304999999999999716e+01 -2.280799999999999841e-02 1.056660000000000064e-03
4.335000000000000142e+01 -2.115739999999999982e-02 9.684690000000000139e-04
4.364999999999999858e+01 -1.952179999999999888e-02 8.503459999999999795e-04
4.395000000000000284e+01 -1.797500000000000139e-02 7.494440000000000433e-04
4.425000000000000000e+01 -1.679680000000000062e-02 6.997289999999999543e-04
4.454999999999999716e+01 -1.547800000000000044e-02 6.264410000000000421e-04
4.485000000000000142e+01 -1.440299999999999914e-02 5.334549999999999535e-04
