4.195000000000000284e+01 -7.599939999999999474e-01 2.297719999999999985e+00
4.203000000000000114e+01 -7.204049999999999621e-01 2.213229999999999809e+00
4.209000000000000341e+01 -7.517759999999999998e-01 1.929650000000000087e+00
4.214999999999999858e+01 -8.520489999999999453e-01 1.813940000000000108e+00
4.221000000000000085e+01 -8.029819999999999736e-01 1.952890000000000015e+00
4.225000000000000000e+01 -9.116180000000000394e-01 2.110230000000000050e+00
4.227000000000000313e+01 -8.935349999999999682e-01 1.849769999999999914e+00
4.232999999999999829e+01 -9.498240000000000016e-01 1.946830000000000060e+00
4.239000000000000057e+01 -8.526000000000000245e-01 1.966930000000000067e+00
4.245000000000000284e+01 -9.912389999999999812e-01 1.799069999999999947e+00
4.250999999999999801e+01 -9.811379999999999546e-01 1.792019999999999946e+00
4.254999999999999716e+01 -1.119469999999999965e+00 1.725940000000000030e+00
4.257000000000000028e+01 -1.080889999999999906e+00 1.587550000000000017e+00
4.263000000000000256e+01 -1.122719999999999940e+00 1.671359999999999957e+00
4.268999999999999773e+01 -1.153999999999999915e+00 1.635669999999999957e+00
4.275000000000000000e+01 -1.129599999999999937e+00 1.590510000000000090e+00
4.281000000000000227e+01 -1.222930000000000073e+00 1.529290000000000038e+00
4.285000000000000142e+01 -1.205950000000000077e+00 1.501560000000000006e+00
4.286999999999999744e+01 -1.341660000000000075e+00 1.250320000000000098e+00
4.292999999999999972e+01 -1.240250000000000075e+00 1.287930000000000019e+00
4.299000000000000199e+01 -1.274080000000000101e+00 1.347220000000000084e+00
4.304999999999999716e+01 -1.418930000000000025e+00 1.030980000000000008e+00
4.310999999999999943e+01 -1.271519999999999984e+00 1.205259999999999998e+00
4.314999999999999858e+01 -1.377150000000000096e+00 9.652629999999999821e-01
4.317000000000000171e+01 -1.311649999999999983e+00 1.053420000000000023e+00
4.322999999999999687e+01 -1.379799999999999915e+00 9.184600000000000541e-01
4.328999999999999915e+01 -1.364300000000000068e+00 8.708860000000000490e-01
4.335000000000000142e+01 -1.314689999999999914e+00 8.855129999999999946e-01
4.340999999999999659e+01 -1.418979999999999908e+00 6.518030000000000213e-01
4.345000000000000284e+01 -1.382349999999999968e+00 6.704440000000000399e-01
4.346999999999999886e+01 -1.309520000000000017e+00 7.669989999999999863e-01
4.353000000000000114e+01 -1.313579999999999970e+00 7.217940000000000467e-01
4.359000000000000341e+01 -1.295269999999999921e+00 6.605550000000000033e-01
4.364999999999999858e+01 -1.303940000000000099e+00 5.077850000000000419e-01
4.371000000000000085e+01 -1.293260000000000076e+00 4.129869999999999930e-01
4.375000000000000000e+01 -1.261319999999999997e+00 4.096710000000000074e-01
4.377000000000000313e+01 -1.221200000000000063e+00 5.233250000000000401e-01
4.382999999999999829e+01 -1.211810000000000054e+00 4.423170000000000157e-01
4.389000000000000057e+01 -1.190360000000000085e+00 3.934480000000000199e-01
4.395000000000000284e+01 -1.173499999999999988e+00 2.799989999999999979e-01
4.400999999999999801e+01 -1.134330000000000060e+00 3.445719999999999894e-01
4.404999999999999716e+01 -1.117380000000000040e+00 2.612070000000000225e-01
4.407000000000000028e+01 -1.076500000000000012e+00 3.534010000000000207e-01
4.413000000000000256e+01 -1.056009999999999893e+00 3.048770000000000091e-01
4.418999999999999773e+01 -1.044650000000000079e+00 2.098460000000000047e-01
4.425000000000000000e+01 -1.003440000000000110e+00 1.759270000000000000e-01
4.431000000000000227e+01 -9.726230000000000153e-01 1.456919999999999882e-01
4.435000000000000142e+01 -9.529520000000000213e-01 1.575300000000000034e-01
4.436999999999999744e+01 -9.463850000000000318e-01 1.542860000000000065e-01
4.442999999999999972e+01 -9.085309999999999775e-01 1.475660000000000027e-01
4.449000000000000199e+01 -8.776350000000000540e-01 1.360089999999999910e-01
4.454999999999999716e+01 -8.473479999999999901e-01 1.288110000000000088e-01
4.460999999999999943e+01 -8.160070000000000379e-01 1.308249999999999968e-01
4.464999999999999858e+01 -7.907579999999999609e-01 1.325749999999999984e-01
4.467000000000000171e+01 -7.928420000000000467e-01 1.206699999999999995e-01
4.472999999999999687e+01 -7.612889999999999935e-01 1.167099999999999943e-01
4.478999999999999915e+01 -7.361739999999999950e-01 1.057879999999999932e-01
4.485000000000000142e+01 -7.084240000000000537e-01 1.079029999999999989e-01
4.490999999999999659e+01 -6.810410000000000075e-01 9.797110000000000540e-02
4.495000000000000284e+01 -6.698969999999999647e-01 1.020270000000000066e-01
4.496999999999999886e+01 -6.532299999999999773e-01 9.302680000000000671e-02
4.525000000000000000e+01 -5.583120000000000305e-01 8.302350000000000008e-02
4.554999999999999716e+01 -4.674429999999999974e-01 6.318340000000000067e-02
4.585000000000000142e+01 -3.930400000000000005e-01 5.003649999999999765e-02
4.614999999999999858e+01 -3.367009999999999725e-01 4.183669999999999750e-02
4.645000000000000284e+01 -2.884149999999999769e-01 3.433909999999999740e-02
4.675000000000000000e+01 -2.487399999999999889e-01 2.782420000000000032e-02
4.704999999999999716e+01 -2.152570000000000039e-01 2.239549999999999874e-02
4.735000000000000142e+01 -1.865320000000000034e-01 1.718750000000000139e-02
4.764999999999999858e+01 -1.642240000000000089e-01 1.423950000000000042e-02
4.795000000000000284e+01 -1.443210000000000048e-01 1.171099999999999919e-02
4.825000000000000000e+01 -1.275270000000000015e-01 1.008870000000000079e-02
4.854999999999999716e+01 -1.133849999999999997e-01 8.592090000000000144e-03
4.885000000000000142e+01 -1.005289999999999934e-01 7.168240000000000202e-03
4.914999999999999858e+01 -9.078479999999999883e-02 6.182860000000000092e-03
4.945000000000000284e+01 -8.097859999999999780e-02 5.455409999999999947e-03
4.975000000000000000e+01 -7.293189999999999396e-02 4.690340000000000308e-03
5.004999999999999716e+01 -6.602689999999999948e-02 3.724069999999999898e-03
5.035000000000000142e+01 -5.947120000000000184e-02 3.424139999999999996e-03
5.064999999999999858e+01 -5.408990000000000326e-02 2.801769999999999868e-03
5.095000000000000284e+01 -4.920909999999999868e-02 2.680380000000000002e-03
5.125000000000000000e+01 -4.479969999999999786e-02 2.380290000000000183e-03
5.154999999999999716e+01 -4.083969999999999961e-02 1.956620000000000061e-03
5.185000000000000142e+01 -3.756960000000000161e-02 1.744820000000000008e-03
5.214999999999999858e+01 -3.439199999999999896e-02 1.572700000000000009e-03
5.245000000000000284e+01 -3.166650000000000020e-02 1.290389999999999983e-03
5.275000000000000000e+01 -2.917679999999999926e-02 1.221470000000000108e-03
5.304999999999999716e+01 -2.696830000000000060e-02 1.040029999999999948e-03
5.335000000000000142e+01 -2.490679999999999977e-02 9.406319999999999482e-04
5.364999999999999858e+01 -2.302490000000000092e-02 8.683010000000000337e-04
5.395000000000000284e+01 -2.140890000000000154e-02 8.060829999999999732e-04
5.425000000000000000e+01 -1.986359999999999862e-02 7.324189999999999954e-04
5.454999999999999716e+01 -1.841469999999999912e-02 6.805099999999999474e-04
5.485000000000000142e+01 -1.721510000000000054e-02 5.574650000000000438e-04
