5.195000000000000284e+01 -4.799680000000000057e-01 2.500449999999999839e+00
5.203000000000000114e+01 -3.920339999999999936e-01 2.250230000000000175e+00
5.209000000000000341e+01 -4.608209999999999806e-01 2.499179999999999957e+00
5.214999999999999858e+01 -6.215939999999999799e-01 2.164089999999999847e+00
5.221000000000000085e+01 -7.551550000000000207e-01 1.997339999999999893e+00
5.225000000000000000e+01 -8.377280000000000282e-01 2.040830000000000144e+00
5.227000000000000313e+01 -8.310410000000000297e-01 2.372310000000000141e+00
5.232999999999999829e+01 -8.739190000000000014e-01 1.980520000000000058e+00
5.239000000000000057e+01 -5.874679999999999902e-01 2.309969999999999857e+00
5.245000000000000284e+01 -7.296540000000000248e-01 2.108389999999999986e+00
5.250999999999999801e+01 -8.054590000000000360e-01 1.944010000000000016e+00
5.254999999999999716e+01 -1.100139999999999896e+00 1.619969999999999910e+00
5.257000000000000028e+01 -9.810750000000000304e-01 1.813890000000000002e+00
5.263000000000000256e+01 -1.026699999999999946e+00 1.648749999999999938e+00
5.268999999999999773e+01 -1.051919999999999966e+00 1.668949999999999934e+00
5.275000000000000000e+01 -1.126449999999999951e+00 1.580209999999999892e+00
5.281000000000000227e+01 -1.277949999999999919e+00 1.231749999999999901e+00
5.285000000000000142e+01 -1.229589999999999961e+00 1.412139999999999951e+00
5.286999999999999744e+01 -1.221899999999999986e+00 1.269800000000000040e+00
5.292999999999999972e+01 -1.287730000000000041e+00 1.249589999999999979e+00
5.299000000000000199e+01 -1.242809999999999970e+00 1.328670000000000018e+00
5.304999999999999716e+01 -1.253239999999999910e+00 1.281509999999999927e+00
5.310999999999999943e+01 -1.274899999999999922e+00 1.116200000000000081e+00
5.314999999999999858e+01 -1.332389999999999963e+00 1.046119999999999939e+00
5.317000000000000171e+01 -1.371939999999999937e+00 1.027970000000000050e+00
5.322999999999999687e+01 -1.400099999999999900e+00 9.669029999999999569e-01
5.328999999999999915e+01 -1.382959999999999967e+00 8.720630000000000326e-01
5.335000000000000142e+01 -1.386840000000000073e+00 8.146099999999999453e-01
5.340999999999999659e+01 -1.380719999999999947e+00 7.351889999999999814e-01
5.345000000000000284e+01 -1.355019999999999891e+00 7.514809999999999546e-01
5.346999999999999886e+01 -1.358980000000000077e+00 7.051140000000000185e-01
5.353000000000000114e+01 -1.372959999999999958e+00 5.810699999999999754e-01
5.359000000000000341e+01 -1.294640000000000013e+00 6.589920000000000222e-01
5.364999999999999858e+01 -1.302959999999999896e+00 6.033049999999999802e-01
5.371000000000000085e+01 -1.237079999999999957e+00 5.963829999999999965e-01
5.375000000000000000e+01 -1.277819999999999956e+00 4.625940000000000052e-01
5.377000000000000313e+01 -1.281639999999999890e+00 4.771000000000000241e-01
5.382999999999999829e+01 -1.238010000000000055e+00 4.551239999999999730e-01
5.389000000000000057e+01 -1.209400000000000031e+00 4.641700000000000270e-01
5.395000000000000284e+01 -1.178209999999999980e+00 3.343940000000000246e-01
5.400999999999999801e+01 -1.159340000000000037e+00 3.011420000000000208e-01
5.404999999999999716e+01 -1.145229999999999970e+00 2.659150000000000125e-01
5.407000000000000028e+01 -1.133320000000000105e+00 2.411969999999999947e-01
5.413000000000000256e+01 -1.109229999999999938e+00 2.682709999999999817e-01
5.418999999999999773e+01 -1.057299999999999907e+00 2.157989999999999908e-01
5.425000000000000000e+01 -1.031740000000000101e+00 2.070660000000000001e-01
5.431000000000000227e+01 -1.006869999999999932e+00 1.858440000000000092e-01
5.435000000000000142e+01 -9.779759999999999565e-01 1.970330000000000137e-01
5.436999999999999744e+01 -9.676569999999999894e-01 1.729400000000000104e-01
5.442999999999999972e+01 -9.493190000000000239e-01 1.798470000000000069e-01
5.449000000000000199e+01 -9.078110000000000346e-01 1.581559999999999910e-01
5.454999999999999716e+01 -8.728879999999999972e-01 1.602639999999999898e-01
5.460999999999999943e+01 -8.459769999999999790e-01 1.556420000000000026e-01
5.464999999999999858e+01 -8.319910000000000361e-01 1.502410000000000134e-01
5.467000000000000171e+01 -8.231960000000000388e-01 1.513589999999999935e-01
5.472999999999999687e+01 -7.762210000000000498e-01 1.303390000000000104e-01
5.478999999999999915e+01 -7.481149999999999745e-01 1.299929999999999974e-01
5.485000000000000142e+01 -7.381940000000000168e-01 1.315620000000000123e-01
5.490999999999999659e+01 -6.966909999999999492e-01 1.205999999999999989e-01
5.495000000000000284e+01 -7.037139999999999507e-01 1.268140000000000100e-01
5.496999999999999886e+01 -6.833439999999999515e-01 1.260429999999999884e-01
5.525000000000000000e+01 -5.837139999999999551e-01 1.064400000000000068e-01
5.554999999999999716e+01 -4.868029999999999857e-01 8.051850000000000673e-02
5.585000000000000142e+01 -4.120650000000000146e-01 6.470380000000000575e-02
5.614999999999999858e+01 -3.512270000000000114e-01 4.756080000000000030e-02
5.645000000000000284e+01 -3.001280000000000059e-01 4.229510000000000214e-02
5.675000000000000000e+01 -2.593150000000000177e-01 3.158829999999999971e-02
5.704999999999999716e+01 -2.240850000000000064e-01 2.521860000000000074e-02
5.735000000000000142e+01 -1.964670000000000027e-01 2.077549999999999883e-02
5.764999999999999858e+01 -1.715139999999999998e-01 1.647509999999999947e-02
5.795000000000000284e+01 -1.518599999999999950e-01 1.498960000000000049e-02
5.825000000000000000e+01 -1.338969999999999883e-01 1.264430000000000068e-02
5.854999999999999716e+01 -1.197460000000000052e-01 1.024820000000000071e-02
5.885000000000000142e+01 -1.064770000000000022e-01 8.982060000000000044e-03
5.914999999999999858e+01 -9.623160000000000047e-02 7.542659999999999643e-03
5.945000000000000284e+01 -8.579920000000000602e-02 6.220029999999999656e-03
5.975000000000000000e+01 -7.734960000000000446e-02 5.282320000000000071e-03
6.004999999999999716e+01 -6.984980000000000355e-02 4.478760000000000033e-03
6.035000000000000142e+01 -6.347010000000000152e-02 3.921889999999999925e-03
6.064999999999999858e+01 -5.773380000000000178e-02 3.594110000000000187e-03
6.095000000000000284e+01 -5.246920000000000056e-02 2.786229999999999783e-03
6.125000000000000000e+01 -4.813610000000000111e-02 2.555759999999999803e-03
6.154999999999999716e+01 -4.388120000000000215e-02 2.123359999999999918e-03
6.185000000000000142e+01 -4.025739999999999874e-02 2.000899999999999901e-03
6.214999999999999858e+01 -3.703789999999999860e-02 1.836390000000000028e-03
6.245000000000000284e+01 -3.405450000000000144e-02 1.585459999999999908e-03
6.275000000000000000e+01 -3.145049999999999929e-02 1.331420000000000043e-03
6.304999999999999716e+01 -2.915929999999999911e-02 1.302390000000000058e-03
6.335000000000000142e+01 -2.700779999999999847e-02 1.126409999999999998e-03
6.364999999999999858e+01 -2.509499999999999925e-02 1.020190000000000029e-03
6.395000000000000284e+01 -2.326709999999999889e-02 9.068359999999999485e-04
6.425000000000000000e+01 -2.168480000000000060e-02 8.568609999999999942e-04
6.454999999999999716e+01 -2.014370000000000049e-02 7.562250000000000178e-04
6.484999999999999432e+01 -1.879679999999999893e-02 6.651079999999999753e-04
