6.203000000000000114e+01 -3.851430000000000131e-01 2.667590000000000128e+00
6.209000000000000341e+01 -5.195549999999999891e-01 2.390140000000000153e+00
6.214999999999999858e+01 -7.141399999999999970e-01 2.181470000000000020e+00
6.221000000000000085e+01 -5.991130000000000067e-01 2.267770000000000064e+00
6.225000000000000000e+01 -8.253489999999999993e-01 2.065129999999999910e+00
6.227000000000000313e+01 -4.673039999999999972e-01 2.652750000000000163e+00
6.232999999999999829e+01 -8.978540000000000409e-01 1.940909999999999913e+00
6.239000000000000057e+01 -7.088320000000000176e-01 2.015330000000000066e+00
6.245000000000000284e+01 -9.107100000000000195e-01 1.904470000000000107e+00
6.250999999999999801e+01 -1.087820000000000009e+00 1.598370000000000068e+00
6.254999999999999716e+01 -9.819649999999999768e-01 1.859159999999999924e+00
6.257000000000000028e+01 -9.907080000000000330e-01 1.866970000000000018e+00
6.263000000000000256e+01 -1.080009999999999915e+00 1.639960000000000084e+00
6.268999999999999773e+01 -1.153620000000000090e+00 1.497139999999999915e+00
6.275000000000000000e+01 -1.265360000000000040e+00 1.470609999999999973e+00
6.281000000000000227e+01 -1.343730000000000091e+00 1.375920000000000032e+00
6.285000000000000142e+01 -1.362149999999999972e+00 1.322230000000000016e+00
6.286999999999999744e+01 -1.208350000000000035e+00 1.496199999999999974e+00
6.292999999999999972e+01 -1.216660000000000075e+00 1.368649999999999922e+00
6.299000000000000199e+01 -1.243770000000000042e+00 1.517160000000000064e+00
6.304999999999999716e+01 -1.444490000000000052e+00 9.772100000000000231e-01
6.310999999999999943e+01 -1.406449999999999978e+00 1.032089999999999952e+00
6.314999999999999858e+01 -1.361909999999999954e+00 1.093420000000000059e+00
6.317000000000000171e+01 -1.331059999999999910e+00 1.192010000000000014e+00
6.322999999999999687e+01 -1.431389999999999940e+00 9.166919999999999513e-01
6.328999999999999915e+01 -1.409319999999999906e+00 8.611849999999999783e-01
6.335000000000000142e+01 -1.419540000000000024e+00 7.419529999999999736e-01
6.340999999999999659e+01 -1.377480000000000038e+00 8.191000000000000503e-01
6.345000000000000284e+01 -1.435699999999999976e+00 6.349949999999999761e-01
6.346999999999999886e+01 -1.453300000000000036e+00 6.356770000000000476e-01
6.353000000000000114e+01 -1.358090000000000019e+00 6.523660000000000014e-01
6.359000000000000341e+01 -1.322589999999999932e+00 6.622500000000000053e-01
6.364999999999999858e+01 -1.367059999999999942e+00 5.012720000000000509e-01
6.371000000000000085e+01 -1.339650000000000007e+00 4.227509999999999879e-01
6.375000000000000000e+01 -1.291849999999999943e+00 5.421890000000000320e-01
6.377000000000000313e+01 -1.302880000000000038e+00 4.172279999999999878e-01
6.382999999999999829e+01 -1.311679999999999957e+00 3.395989999999999842e-01
6.389000000000000057e+01 -1.211819999999999897e+00 4.285410000000000053e-01
6.395000000000000284e+01 -1.194790000000000019e+00 4.188390000000000168e-01
6.401000000000000512e+01 -1.164469999999999894e+00 3.806590000000000251e-01
6.404999999999999716e+01 -1.177070000000000061e+00 2.305470000000000019e-01
6.406999999999999318e+01 -1.146509999999999918e+00 3.217349999999999932e-01
6.412999999999999545e+01 -1.120730000000000004e+00 1.865300000000000014e-01
6.418999999999999773e+01 -1.082619999999999916e+00 2.065839999999999899e-01
6.425000000000000000e+01 -1.040110000000000090e+00 1.981779999999999931e-01
6.431000000000000227e+01 -1.017709999999999892e+00 1.831379999999999952e-01
6.434999999999999432e+01 -9.930149999999999810e-01 1.804320000000000090e-01
6.437000000000000455e+01 -9.802659999999999707e-01 1.692770000000000108e-01
6.443000000000000682e+01 -9.432709999999999706e-01 1.407289999999999930e-01
6.448999999999999488e+01 -9.125579999999999803e-01 1.452509999999999912e-01
6.454999999999999716e+01 -8.887580000000000480e-01 1.357309999999999905e-01
6.460999999999999943e+01 -8.510199999999999987e-01 1.365310000000000135e-01
6.465000000000000568e+01 -8.418219999999999592e-01 1.420029999999999903e-01
6.467000000000000171e+01 -8.283380000000000187e-01 1.324539999999999884e-01
6.473000000000000398e+01 -7.940690000000000248e-01 1.254220000000000057e-01
6.479000000000000625e+01 -7.561670000000000336e-01 1.196529999999999955e-01
6.484999999999999432e+01 -7.415950000000000042e-01 1.149430000000000035e-01
6.490999999999999659e+01 -7.132840000000000291e-01 1.092749999999999971e-01
6.495000000000000284e+01 -6.881469999999999532e-01 1.149300000000000044e-01
6.496999999999999886e+01 -6.920309999999999517e-01 1.085929999999999951e-01
6.525000000000000000e+01 -5.827360000000000317e-01 8.941129999999999911e-02
6.554999999999999716e+01 -4.854820000000000246e-01 7.212949999999999917e-02
6.584999999999999432e+01 -4.149559999999999915e-01 5.860010000000000219e-02
6.615000000000000568e+01 -3.543180000000000218e-01 4.497009999999999896e-02
6.645000000000000284e+01 -3.025490000000000124e-01 3.569499999999999756e-02
6.675000000000000000e+01 -2.652909999999999990e-01 3.149110000000000104e-02
6.704999999999999716e+01 -2.289049999999999974e-01 2.384750000000000064e-02
6.734999999999999432e+01 -1.992369999999999974e-01 1.912180000000000130e-02
6.765000000000000568e+01 -1.748460000000000014e-01 1.615029999999999938e-02
6.795000000000000284e+01 -1.554669999999999941e-01 1.279429999999999977e-02
6.825000000000000000e+01 -1.365339999999999887e-01 1.134759999999999935e-02
6.854999999999999716e+01 -1.222739999999999938e-01 9.974800000000000680e-03
6.884999999999999432e+01 -1.091359999999999969e-01 8.386080000000000617e-03
6.915000000000000568e+01 -9.798419999999999352e-02 6.725100000000000348e-03
6.945000000000000284e+01 -8.835450000000000248e-02 5.770499999999999588e-03
6.975000000000000000e+01 -7.968490000000000295e-02 4.773880000000000311e-03
7.004999999999999716e+01 -7.214479999999999504e-02 4.298169999999999595e-03
7.034999999999999432e+01 -6.550530000000000241e-02 3.812569999999999935e-03
7.065000000000000568e+01 -5.925470000000000043e-02 3.417799999999999918e-03
7.095000000000000284e+01 -5.432109999999999717e-02 2.792779999999999915e-03
7.125000000000000000e+01 -4.978040000000000243e-02 2.527000000000000166e-03
7.154999999999999716e+01 -4.553480000000000028e-02 2.160150000000000004e-03
7.184999999999999432e+01 -4.182059999999999944e-02 1.943840000000000064e-03
7.215000000000000568e+01 -3.865790000000000198e-02 1.716220000000000072e-03
7.245000000000000284e+01 -3.562830000000000163e-02 1.551569999999999946e-03
7.275000000000000000e+01 -3.291770000000000113e-02 1.311319999999999934e-03
7.304999999999999716e+01 -3.058630000000000029e-02 1.289100000000000055e-03
7.334999999999999432e+01 -2.834619999999999848e-02 1.129950000000000008e-03
7.365000000000000568e+01 -2.624080000000000162e-02 1.053569999999999984e-03
7.395000000000000284e+01 -2.440919999999999895e-02 8.804589999999999942e-04
7.425000000000000000e+01 -2.276179999999999870e-02 8.458930000000000138e-04
7.454999999999999716e+01 -2.126590000000000077e-02 7.386079999999999729e-04
7.484999999999999432e+01 -1.981689999999999841e-02 6.743800000000000315e-04
