7.195000000000000284e+01 -6.778650000000000508e-01 2.263049999999999784e+00
7.203000000000000114e+01 -1.049520000000000008e+00 1.939240000000000075e+00
7.209000000000000341e+01 -9.953020000000000200e-01 2.051349999999999785e+00
7.215000000000000568e+01 -6.233619999999999717e-01 2.315620000000000012e+00
7.220999999999999375e+01 -1.016929999999999890e+00 2.065030000000000143e+00
7.225000000000000000e+01 -7.425370000000000026e-01 2.176610000000000156e+00
7.226999999999999602e+01 -8.113460000000000116e-01 2.159139999999999837e+00
7.232999999999999829e+01 -7.360989999999999478e-01 2.235770000000000035e+00
7.239000000000000057e+01 -9.375799999999999690e-01 2.054840000000000000e+00
7.245000000000000284e+01 -7.810089999999999533e-01 2.130389999999999784e+00
7.251000000000000512e+01 -1.044130000000000003e+00 1.704139999999999988e+00
7.254999999999999716e+01 -1.033400000000000096e+00 1.802450000000000108e+00
7.256999999999999318e+01 -1.094449999999999923e+00 1.801060000000000105e+00
7.262999999999999545e+01 -1.026820000000000066e+00 1.858600000000000030e+00
7.268999999999999773e+01 -1.145089999999999941e+00 1.566559999999999953e+00
7.275000000000000000e+01 -1.091380000000000017e+00 1.704150000000000054e+00
7.281000000000000227e+01 -1.169680000000000053e+00 1.503009999999999957e+00
7.284999999999999432e+01 -1.262289999999999912e+00 1.501349999999999962e+00
7.287000000000000455e+01 -1.195910000000000029e+00 1.443990000000000107e+00
7.293000000000000682e+01 -1.220259999999999900e+00 1.434809999999999919e+00
7.298999999999999488e+01 -1.250950000000000006e+00 1.357329999999999925e+00
7.304999999999999716e+01 -1.225889999999999924e+00 1.285379999999999967e+00
7.310999999999999943e+01 -1.356409999999999894e+00 1.189230000000000009e+00
7.315000000000000568e+01 -1.354649999999999910e+00 1.077129999999999921e+00
7.317000000000000171e+01 -1.304319999999999924e+00 1.089900000000000091e+00
7.323000000000000398e+01 -1.427219999999999933e+00 1.025009999999999977e+00
7.329000000000000625e+01 -1.381650000000000045e+00 9.549990000000000423e-01
7.334999999999999432e+01 -1.415799999999999947e+00 7.996079999999999854e-01
7.340999999999999659e+01 -1.295490000000000030e+00 9.561680000000000179e-01
7.345000000000000284e+01 -1.381459999999999910e+00 8.130960000000000409e-01
7.346999999999999886e+01 -1.403610000000000024e+00 6.214490000000000292e-01
7.353000000000000114e+01 -1.348459999999999992e+00 7.630599999999999605e-01
7.359000000000000341e+01 -1.303199999999999914e+00 7.697159999999999558e-01
7.365000000000000568e+01 -1.336989999999999901e+00 5.946960000000000024e-01
7.370999999999999375e+01 -1.325360000000000094e+00 6.136350000000000415e-01
7.375000000000000000e+01 -1.312740000000000018e+00 4.995609999999999773e-01
7.376999999999999602e+01 -1.271239999999999926e+00 5.780410000000000270e-01
7.382999999999999829e+01 -1.280640000000000001e+00 4.373879999999999990e-01
7.389000000000000057e+01 -1.266210000000000058e+00 3.981080000000000174e-01
7.395000000000000284e+01 -1.240289999999999893e+00 3.531369999999999787e-01
7.401000000000000512e+01 -1.219899999999999984e+00 2.967400000000000038e-01
7.404999999999999716e+01 -1.199589999999999934e+00 3.231829999999999981e-01
7.406999999999999318e+01 -1.191130000000000022e+00 2.778900000000000259e-01
7.412999999999999545e+01 -1.154760000000000009e+00 2.853820000000000245e-01
7.418999999999999773e+01 -1.111450000000000049e+00 3.029970000000000163e-01
7.425000000000000000e+01 -1.083110000000000017e+00 2.521780000000000133e-01
7.431000000000000227e+01 -1.057399999999999896e+00 2.226750000000000118e-01
7.434999999999999432e+01 -1.016909999999999981e+00 2.361080000000000123e-01
7.437000000000000455e+01 -1.013849999999999918e+00 1.820150000000000101e-01
7.443000000000000682e+01 -9.724019999999999886e-01 2.172810000000000019e-01
7.448999999999999488e+01 -9.502810000000000423e-01 1.497259999999999980e-01
7.454999999999999716e+01 -9.321150000000000269e-01 1.412809999999999899e-01
7.460999999999999943e+01 -8.862449999999999495e-01 1.621829999999999938e-01
7.465000000000000568e+01 -8.713809999999999611e-01 1.465150000000000063e-01
7.467000000000000171e+01 -8.554829999999999934e-01 1.412160000000000082e-01
7.473000000000000398e+01 -8.161580000000000501e-01 1.281239999999999879e-01
7.479000000000000625e+01 -8.049469999999999681e-01 1.256180000000000074e-01
7.484999999999999432e+01 -7.771500000000000075e-01 1.288030000000000008e-01
7.490999999999999659e+01 -7.420520000000000449e-01 1.133949999999999958e-01
7.495000000000000284e+01 -7.306399999999999562e-01 1.163959999999999995e-01
7.496999999999999886e+01 -7.187010000000000343e-01 1.131280000000000063e-01
7.525000000000000000e+01 -6.084279999999999688e-01 9.682259999999999478e-02
7.554999999999999716e+01 -5.124450000000000394e-01 7.699949999999999850e-02
7.584999999999999432e+01 -4.342989999999999906e-01 5.844830000000000164e-02
7.615000000000000568e+01 -3.685800000000000187e-01 4.582119999999999943e-02
7.645000000000000284e+01 -3.199130000000000029e-01 3.774109999999999965e-02
7.675000000000000000e+01 -2.732069999999999776e-01 3.140280000000000155e-02
7.704999999999999716e+01 -2.384969999999999868e-01 2.445759999999999948e-02
7.734999999999999432e+01 -2.093019999999999881e-01 1.984709999999999946e-02
7.765000000000000568e+01 -1.839280000000000082e-01 1.769149999999999889e-02
7.795000000000000284e+01 -1.624390000000000001e-01 1.319460000000000077e-02
7.825000000000000000e+01 -1.441189999999999971e-01 1.156530000000000058e-02
7.854999999999999716e+01 -1.287639999999999896e-01 9.743649999999999534e-03
7.884999999999999432e+01 -1.144519999999999982e-01 8.571640000000000162e-03
7.915000000000000568e+01 -1.026460000000000011e-01 6.776130000000000000e-03
7.945000000000000284e+01 -9.239849999999999453e-02 6.080419999999999575e-03
7.975000000000000000e+01 -8.337609999999999466e-02 5.265660000000000132e-03
8.004999999999999716e+01 -7.571790000000000465e-02 4.449670000000000188e-03
8.034999999999999432e+01 -6.860439999999999594e-02 3.861630000000000010e-03
8.065000000000000568e+01 -6.231740000000000196e-02 3.605290000000000144e-03
8.095000000000000284e+01 -5.729540000000000327e-02 2.994280000000000205e-03
8.125000000000000000e+01 -5.210599999999999954e-02 2.779460000000000090e-03
8.154999999999999716e+01 -4.805059999999999887e-02 2.253489999999999920e-03
8.184999999999999432e+01 -4.418799999999999811e-02 2.118660000000000074e-03
8.215000000000000568e+01 -4.085609999999999936e-02 1.897229999999999967e-03
8.245000000000000284e+01 -3.762630000000000141e-02 1.673620000000000012e-03
8.275000000000000000e+01 -3.479870000000000185e-02 1.421579999999999979e-03
8.304999999999999716e+01 -3.218329999999999802e-02 1.317819999999999929e-03
8.334999999999999432e+01 -2.987669999999999909e-02 1.236169999999999977e-03
8.365000000000000568e+01 -2.773279999999999842e-02 1.119159999999999903e-03
8.395000000000000284e+01 -2.582500000000000073e-02 9.875680000000000829e-04
8.425000000000000000e+01 -2.406310000000000046e-02 8.872829999999999953e-04
8.454999999999999716e+01 -2.246779999999999958e-02 7.686929999999999805e-04
8.484999999999999432e+01 -2.099360000000000115e-02 7.187779999999999950e-04
