8.203000000000000114e+01 -9.576759999999999717e-01 1.892290000000000028e+00
8.209000000000000341e+01 -8.866129999999999844e-01 2.280920000000000059e+00
8.215000000000000568e+01 -7.286359999999999504e-01 2.155679999999999819e+00
8.220999999999999375e+01 -5.057500000000000329e-01 2.472240000000000215e+00
8.225000000000000000e+01 -9.097969999999999668e-01 2.064810000000000034e+00
8.226999999999999602e+01 -1.015390000000000015e+00 1.734229999999999938e+00
8.232999999999999829e+01 -6.628479999999999928e-01 2.228829999999999867e+00
8.239000000000000057e+01 -8.281699999999999617e-01 2.092470000000000052e+00
8.245000000000000284e+01 -1.100999999999999979e+00 2.042889999999999873e+00
8.251000000000000512e+01 -8.843400000000000150e-01 1.772000000000000020e+00
8.254999999999999716e+01 -1.057509999999999950e+00 1.764049999999999896e+00
8.256999999999999318e+01 -1.001560000000000006e+00 1.949910000000000032e+00
8.262999999999999545e+01 -1.133480000000000043e+00 1.682600000000000096e+00
8.268999999999999773e+01 -1.225850000000000106e+00 1.548839999999999995e+00
8.275000000000000000e+01 -1.305620000000000003e+00 1.497889999999999944e+00
8.281000000000000227e+01 -1.185920000000000085e+00 1.558300000000000018e+00
8.284999999999999432e+01 -1.258280000000000065e+00 1.384900000000000020e+00
8.287000000000000455e+01 -1.258729999999999905e+00 1.397040000000000060e+00
8.293000000000000682e+01 -1.342240000000000100e+00 1.269760000000000000e+00
8.298999999999999488e+01 -1.347509999999999986e+00 1.162290000000000045e+00
8.304999999999999716e+01 -1.303239999999999954e+00 1.282370000000000010e+00
8.310999999999999943e+01 -1.280880000000000019e+00 1.188490000000000046e+00
8.315000000000000568e+01 -1.441040000000000099e+00 1.002539999999999987e+00
8.317000000000000171e+01 -1.410179999999999989e+00 1.067930000000000046e+00
8.323000000000000398e+01 -1.345579999999999998e+00 1.053180000000000005e+00
8.329000000000000625e+01 -1.425869999999999971e+00 8.837970000000000548e-01
8.334999999999999432e+01 -1.394030000000000102e+00 9.372789999999999733e-01
8.340999999999999659e+01 -1.380830000000000002e+00 8.381140000000000256e-01
8.345000000000000284e+01 -1.447160000000000002e+00 7.461740000000000039e-01
8.346999999999999886e+01 -1.376570000000000071e+00 8.357729999999999881e-01
8.353000000000000114e+01 -1.380030000000000090e+00 7.075350000000000250e-01
8.359000000000000341e+01 -1.301989999999999981e+00 7.838420000000000387e-01
8.365000000000000568e+01 -1.341250000000000053e+00 5.732500000000000373e-01
8.370999999999999375e+01 -1.307709999999999928e+00 5.600619999999999488e-01
8.375000000000000000e+01 -1.260510000000000019e+00 5.599169999999999980e-01
8.376999999999999602e+01 -1.275130000000000097e+00 5.792110000000000314e-01
8.382999999999999829e+01 -1.264710000000000001e+00 4.698530000000000206e-01
8.389000000000000057e+01 -1.209999999999999964e+00 4.682259999999999756e-01
8.395000000000000284e+01 -1.205529999999999990e+00 3.736400000000000277e-01
8.401000000000000512e+01 -1.196509999999999962e+00 2.733630000000000226e-01
8.404999999999999716e+01 -1.158470000000000111e+00 4.296320000000000139e-01
8.406999999999999318e+01 -1.137709999999999999e+00 3.268710000000000226e-01
8.412999999999999545e+01 -1.123629999999999907e+00 2.807760000000000256e-01
8.418999999999999773e+01 -1.093429999999999902e+00 2.000280000000000113e-01
8.425000000000000000e+01 -1.060899999999999954e+00 1.994579999999999964e-01
8.431000000000000227e+01 -1.039339999999999931e+00 2.160499999999999921e-01
8.434999999999999432e+01 -9.985709999999999864e-01 2.948350000000000137e-01
8.437000000000000455e+01 -9.930900000000000283e-01 2.043510000000000049e-01
8.443000000000000682e+01 -9.784950000000000037e-01 1.607429999999999970e-01
8.448999999999999488e+01 -9.298220000000000374e-01 1.666459999999999886e-01
8.454999999999999716e+01 -9.042360000000000397e-01 1.631269999999999942e-01
8.460999999999999943e+01 -8.821780000000000177e-01 1.479419999999999902e-01
8.465000000000000568e+01 -8.606709999999999638e-01 1.596410000000000051e-01
8.467000000000000171e+01 -8.475300000000000056e-01 1.525489999999999902e-01
8.473000000000000398e+01 -8.144050000000000455e-01 1.285159999999999914e-01
8.479000000000000625e+01 -7.896589999999999998e-01 1.349559999999999926e-01
8.484999999999999432e+01 -7.643689999999999651e-01 1.291809999999999903e-01
8.490999999999999659e+01 -7.243359999999999799e-01 1.208830000000000043e-01
8.495000000000000284e+01 -7.233359999999999790e-01 1.279720000000000024e-01
8.496999999999999886e+01 -7.061030000000000362e-01 1.239340000000000025e-01
8.525000000000000000e+01 -6.000680000000000458e-01 1.011940000000000062e-01
8.554999999999999716e+01 -5.094480000000000119e-01 7.468210000000000126e-02
8.584999999999999432e+01 -4.346160000000000023e-01 6.373800000000000299e-02
8.615000000000000568e+01 -3.698339999999999961e-01 4.727959999999999802e-02
8.645000000000000284e+01 -3.144569999999999865e-01 3.702960000000000279e-02
8.675000000000000000e+01 -2.745489999999999875e-01 3.197969999999999979e-02
8.704999999999999716e+01 -2.393979999999999997e-01 2.792800000000000143e-02
8.734999999999999432e+01 -2.098579999999999890e-01 2.209840000000000068e-02
8.765000000000000568e+01 -1.844469999999999998e-01 1.682029999999999983e-02
8.795000000000000284e+01 -1.632740000000000025e-01 1.425629999999999953e-02
8.825000000000000000e+01 -1.452779999999999905e-01 1.206489999999999993e-02
8.854999999999999716e+01 -1.290350000000000108e-01 9.868109999999999382e-03
8.884999999999999432e+01 -1.158990000000000020e-01 8.775540000000000077e-03
8.915000000000000568e+01 -1.043130000000000029e-01 7.005800000000000395e-03
8.945000000000000284e+01 -9.296970000000000234e-02 6.272009999999999738e-03
8.975000000000000000e+01 -8.505769999999999997e-02 5.335010000000000273e-03
9.004999999999999716e+01 -7.699300000000000588e-02 4.301750000000000018e-03
9.034999999999999432e+01 -6.973200000000000232e-02 3.826700000000000153e-03
9.065000000000000568e+01 -6.377480000000000648e-02 3.469320000000000129e-03
9.095000000000000284e+01 -5.844470000000000220e-02 3.102670000000000081e-03
9.125000000000000000e+01 -5.338369999999999921e-02 2.611009999999999980e-03
9.154999999999999716e+01 -4.907999999999999863e-02 2.363300000000000036e-03
9.184999999999999432e+01 -4.533210000000000017e-02 2.109900000000000057e-03
9.215000000000000568e+01 -4.166879999999999890e-02 1.850000000000000082e-03
9.245000000000000284e+01 -3.844940000000000163e-02 1.591919999999999924e-03
9.275000000000000000e+01 -3.561129999999999851e-02 1.442649999999999965e-03
9.304999999999999716e+01 -3.305600000000000205e-02 1.283870000000000107e-03
9.334999999999999432e+01 -3.070200000000000012e-02 1.175749999999999929e-03
9.365000000000000568e+01 -2.846769999999999856e-02 1.055329999999999940e-03
9.395000000000000284e+01 -2.654719999999999996e-02 8.997020000000000538e-04
9.425000000000000000e+01 -2.485619999999999843e-02 8.573740000000000484e-04
9.454999999999999716e+01 -2.321290000000000159e-02 7.542319999999999710e-04
9.484999999999999432e+01 -2.164829999999999879e-02 6.425180000000000171e-04
