9.195000000000000284e+01 -7.150079999999999769e-01 2.339510000000000201e+00
9.203000000000000114e+01 -1.026380000000000070e+00 2.341169999999999973e+00
9.209000000000000341e+01 -7.068119999999999958e-01 2.337229999999999919e+00
9.215000000000000568e+01 -9.638910000000000533e-01 2.138900000000000023e+00
9.220999999999999375e+01 -1.001619999999999955e+00 2.046370000000000022e+00
9.225000000000000000e+01 -8.477729999999999988e-01 2.207050000000000178e+00
9.226999999999999602e+01 -1.026529999999999943e+00 1.926469999999999905e+00
9.232999999999999829e+01 -7.286470000000000447e-01 2.143850000000000033e+00
9.239000000000000057e+01 -1.148290000000000033e+00 1.812170000000000059e+00
9.245000000000000284e+01 -1.034119999999999928e+00 1.933740000000000014e+00
9.251000000000000512e+01 -1.090829999999999966e+00 1.769509999999999916e+00
9.254999999999999716e+01 -1.181899999999999951e+00 1.708709999999999951e+00
9.256999999999999318e+01 -1.049760000000000026e+00 1.683210000000000095e+00
9.262999999999999545e+01 -1.339280000000000026e+00 1.558910000000000018e+00
9.268999999999999773e+01 -1.298710000000000031e+00 1.478159999999999918e+00
9.275000000000000000e+01 -1.337129999999999930e+00 1.378689999999999971e+00
9.281000000000000227e+01 -1.325199999999999934e+00 1.411569999999999991e+00
9.284999999999999432e+01 -1.298990000000000089e+00 1.512559999999999905e+00
9.287000000000000455e+01 -1.244609999999999994e+00 1.621399999999999952e+00
9.293000000000000682e+01 -1.407680000000000042e+00 1.309269999999999934e+00
9.298999999999999488e+01 -1.429410000000000069e+00 1.260150000000000103e+00
9.304999999999999716e+01 -1.333159999999999901e+00 1.311069999999999958e+00
9.310999999999999943e+01 -1.387950000000000017e+00 1.181400000000000006e+00
9.315000000000000568e+01 -1.458520000000000039e+00 1.024699999999999944e+00
9.317000000000000171e+01 -1.450479999999999992e+00 1.087739999999999929e+00
9.323000000000000398e+01 -1.462930000000000064e+00 9.366999999999999771e-01
9.329000000000000625e+01 -1.509409999999999918e+00 8.385510000000000463e-01
9.334999999999999432e+01 -1.480830000000000091e+00 8.148609999999999465e-01
9.340999999999999659e+01 -1.431340000000000057e+00 8.216710000000000402e-01
9.345000000000000284e+01 -1.430430000000000090e+00 7.753409999999999469e-01
9.346999999999999886e+01 -1.426109999999999989e+00 7.000680000000000236e-01
9.353000000000000114e+01 -1.387739999999999974e+00 6.882059999999999844e-01
9.359000000000000341e+01 -1.454029999999999934e+00 5.280310000000000281e-01
9.365000000000000568e+01 -1.400919999999999943e+00 5.656250000000000444e-01
9.370999999999999375e+01 -1.358130000000000059e+00 5.369000000000000439e-01
9.375000000000000000e+01 -1.356719999999999926e+00 4.815269999999999828e-01
9.376999999999999602e+01 -1.338310000000000111e+00 4.834499999999999909e-01
9.382999999999999829e+01 -1.302689999999999904e+00 4.699139999999999984e-01
9.389000000000000057e+01 -1.280350000000000099e+00 4.774889999999999968e-01
9.395000000000000284e+01 -1.237400000000000055e+00 4.071719999999999784e-01
9.401000000000000512e+01 -1.226900000000000102e+00 3.497709999999999986e-01
9.404999999999999716e+01 -1.194770000000000110e+00 3.143589999999999995e-01
9.406999999999999318e+01 -1.189889999999999892e+00 2.538920000000000066e-01
9.412999999999999545e+01 -1.150630000000000042e+00 2.161420000000000008e-01
9.418999999999999773e+01 -1.111669999999999936e+00 3.468419999999999837e-01
9.425000000000000000e+01 -1.090940000000000021e+00 2.203569999999999973e-01
9.431000000000000227e+01 -1.070410000000000084e+00 1.718099999999999905e-01
9.434999999999999432e+01 -1.034820000000000073e+00 2.165670000000000095e-01
9.437000000000000455e+01 -1.005849999999999911e+00 2.237230000000000052e-01
9.443000000000000682e+01 -9.870339999999999669e-01 1.727589999999999959e-01
9.448999999999999488e+01 -9.504749999999999588e-01 1.649579999999999935e-01
9.454999999999999716e+01 -9.237819999999999920e-01 1.556150000000000033e-01
9.460999999999999943e+01 -8.952360000000000317e-01 1.420720000000000038e-01
9.465000000000000568e+01 -8.743170000000000108e-01 1.459650000000000114e-01
9.467000000000000171e+01 -8.615690000000000293e-01 1.466459999999999986e-01
9.473000000000000398e+01 -8.257240000000000135e-01 1.360119999999999940e-01
9.479000000000000625e+01 -8.086229999999999807e-01 1.261809999999999876e-01
9.484999999999999432e+01 -7.877699999999999703e-01 1.213680000000000037e-01
9.490999999999999659e+01 -7.491919999999999691e-01 1.164619999999999961e-01
9.495000000000000284e+01 -7.293600000000000083e-01 1.232619999999999966e-01
9.496999999999999886e+01 -7.249419999999999753e-01 1.131520000000000026e-01
9.525000000000000000e+01 -6.224060000000000148e-01 9.787250000000000116e-02
9.554999999999999716e+01 -5.218190000000000328e-01 7.324759999999999605e-02
9.584999999999999432e+01 -4.444480000000000097e-01 5.946970000000000034e-02
9.615000000000000568e+01 -3.780430000000000179e-01 5.056320000000000259e-02
9.645000000000000284e+01 -3.241720000000000157e-01 3.941329999999999834e-02
9.675000000000000000e+01 -2.826919999999999988e-01 3.101210000000000078e-02
9.704999999999999716e+01 -2.459280000000000077e-01 2.601969999999999977e-02
9.734999999999999432e+01 -2.174180000000000001e-01 2.069460000000000049e-02
9.765000000000000568e+01 -1.884230000000000071e-01 1.658799999999999858e-02
9.795000000000000284e+01 -1.689090000000000036e-01 1.482870000000000021e-02
9.825000000000000000e+01 -1.481709999999999972e-01 1.215860000000000031e-02
9.854999999999999716e+01 -1.331589999999999996e-01 9.965089999999999365e-03
9.884999999999999432e+01 -1.190100000000000047e-01 8.599070000000000324e-03
9.915000000000000568e+01 -1.069849999999999968e-01 7.062849999999999857e-03
9.945000000000000284e+01 -9.593790000000000651e-02 5.683409999999999851e-03
9.975000000000000000e+01 -8.767379999999999618e-02 5.500589999999999646e-03
1.000499999999999972e+02 -7.912130000000000551e-02 4.539020000000000381e-03
1.003499999999999943e+02 -7.178560000000000496e-02 4.015310000000000233e-03
1.006500000000000057e+02 -6.571449999999999514e-02 3.220989999999999964e-03
1.009500000000000028e+02 -6.002760000000000040e-02 3.020979999999999933e-03
1.012500000000000000e+02 -5.515500000000000264e-02 2.618940000000000157e-03
1.015499999999999972e+02 -5.071889999999999732e-02 2.455279999999999789e-03
1.018499999999999943e+02 -4.662440000000000334e-02 2.108629999999999793e-03
1.021500000000000057e+02 -4.285250000000000170e-02 1.931400000000000000e-03
1.024500000000000028e+02 -3.968399999999999705e-02 1.721180000000000106e-03
1.027500000000000000e+02 -3.683279999999999887e-02 1.541430000000000100e-03
1.030499999999999972e+02 -3.402580000000000188e-02 1.303399999999999915e-03
1.033499999999999943e+02 -3.171870000000000245e-02 1.248030000000000016e-03
1.036500000000000057e+02 -2.946290000000000020e-02 1.139140000000000074e-03
1.039500000000000028e+02 -2.743960000000000149e-02 1.044320000000000057e-03
1.042500000000000000e+02 -2.563860000000000097e-02 9.093270000000000302e-04
1.045499999999999972e+02 -2.399980000000000169e-02 7.813009999999999790e-04
1.048499999999999943e+02 -2.244540000000000077e-02 7.699679999999999979e-04
